1900  1  5 19  0  0.00  -3.000  102.000    0.0  7.0
1900  1 20  6 33  0.00  20.000 -105.000    0.0  7.3
1900  1 31 19 22  0.00  48.000  146.000  450.0  7.5
1900  5 11 17 23  0.00  38.700  141.100    5.0  7.0
1900  6 21 20 52  0.00  10.000  -85.500    0.0  7.2
1900  7 29  6 59  0.00 -10.000  165.000    0.0  7.6
1900  9 17 21 45  0.00  -5.000  148.000    0.0  7.1
1900 10  9 12 28  0.00  57.090 -153.480    0.0  7.7
1900 10 29  9 11  0.00  11.000  -66.000    0.0  7.7
1900 11  9 16 10  0.00  13.000  -90.000    0.0  7.0
1900 11 24  7 57  0.00  43.500  148.000   35.0  7.0
1900 12 25  5  9  0.00  43.000  146.000   35.0  7.1
1901  1  7  0 29  0.00  -2.000  -82.000    0.0  7.2
1901  1 18  4 39  0.00  60.000 -135.000    0.0  7.1
1901  4  5 23 30  0.00  44.500  149.000   35.0  7.3
1901  5 25  0 32  0.00 -10.000  160.000    0.0  7.2
1901  6 15  9 34  0.00  39.000  143.000   35.0  7.0
1901  6 24  7  2  0.00  28.000  130.000   35.0  7.2
1901  8  9 13  1  0.00 -22.000  170.000    0.0  7.9
1901  8  9 18 33  0.00  40.600  142.300   35.0  7.5
1901 10  8  2 14  0.00  13.000  -87.000    0.0  7.1
1901 11 25  1 51  0.00   3.000  127.000    0.0  7.0
1901 12  9  2 17  0.00  26.000 -110.000    0.0  7.1
1901 12 14 22 57  0.00  14.000  122.000    0.0  7.0
1901 12 31  9  2  0.00  52.000 -177.000    0.0  7.1
1902  1  1  5 20  0.00  55.000 -165.000    0.0  7.0
1902  1 12 22 18  0.00   3.000  122.000    0.0  7.0
1902  1 24 23 27  0.00  -8.000  150.000    0.0  7.2
1902  4 19  2 23  0.00  14.000  -91.000    0.0  7.5
1902  5  2 11 31  0.00  39.000  144.000   35.0  7.0
1902  8 22  3  0  0.00  40.000   77.000    0.0  7.7
1902  9 22  1 46  0.00  18.000  146.000    0.0  7.5
1902  9 23 20 18  0.00  16.000  -93.000    0.0  7.8
1902 10  6  9 15  0.00  36.500   70.500  200.0  7.2
1902 12 12 23 10  0.00  29.000 -114.000    0.0  7.1
1903  1  4  5  7  0.00 -20.000 -175.000  400.0  8.0
1903  1 14  1 47  0.00  15.000  -98.000    0.0  7.4
1903  1 17 16  5  0.00  50.000 -170.000    0.0  7.0
1903  2  1  9 34  0.00  48.000   98.000    0.0  7.1
1903  2 27  0 43  0.00  -8.000  106.000    0.0  7.3
1903  5 13  6 34  0.00 -17.000  168.000    0.0  7.0
1903  8 11  4 32 54.00  36.360   22.970   80.0  8.3
1903 12 28  2 56  0.00   7.000  127.000    0.0  7.1
1904  1 20 14 52  6.00   7.000  -79.000    0.0  7.2
1904  3 19  6 28  0.00 -29.000  -71.000    0.0  7.0
1904  4  4 10 26  0.00  41.750   23.250    0.0  7.1
1904  5  1 15 24  0.00   2.000  130.000    0.0  7.0
1904  6  7  8 17 54.00  39.000  135.000  350.0  7.4
1904  6 25 21  0 30.00  52.000  159.000    0.0  7.6
1904  8 24 20 59 54.00  30.000  131.000   35.0  7.1
1904  8 27 21 56  6.00  64.000 -151.000    0.0  7.2
1904 10  3  3  5  0.00  12.000   58.000    0.0  7.0
1904 10 28 13 51  0.00   8.000  113.000    0.0  7.0
1904 12 20  5 44 18.00   8.500  -83.000    0.0  7.2
1905  1 22  2 43 54.00   1.000  123.000   90.0  7.8
1905  2 14  8 46 36.00  53.000 -178.000    0.0  7.2
1905  3 18  0 58  0.00 -27.500 -173.000   60.0  7.5
1905  3 18 23 56  0.00 -10.000  168.000    0.0  7.2
1905  3 22  3 38  0.00  50.000  180.000    0.0  7.0
1905  4  4  0 50  0.00  33.000   76.000    0.0  7.8
1905  6  2  5 39 42.00  34.100  132.500   55.0  7.0
1905  7  6 16 21  0.00  37.400  141.800   35.0  7.1
1905  7  9  9 40 24.00  49.000   99.000    0.0  8.5
1905  7 11 15 37 30.00  22.000  143.000  450.0  7.2
1905  9  1  2 45 36.00  45.000  143.000  250.0  7.3
1905  9 15  6  2  0.00  55.000  165.000    0.0  7.3
1905  9 26  1 26  9.00  29.000   74.000   60.0  7.1
1905 10 21 11  1 37.00  42.000   42.000   60.0  7.5
1905 12  4 12 20 25.00  38.000   37.000   60.0  7.0
1905 12 17  5 27  0.00  17.000 -113.000    0.0  7.1
1906  1 21 13 49 35.00  34.000  137.000  350.0  7.7
1906  1 31 15 36  0.00   1.000  -81.500    0.0  8.6
1906  2 19  1 59  0.00 -10.000  160.000    0.0  7.1
1906  3  2  6 15 15.00  43.000   80.000   60.0  7.3
1906  4 10 21 18  0.00  20.000 -110.000    0.0  7.2
1906  4 13 19 18  0.00  23.600  120.400    5.0  7.1
1906  4 18 13 12  0.00  38.000 -123.000    0.0  7.9
1906  6  1  4 30  0.00   0.000  145.000    0.0  7.1
1906  6 19 11 22 41.00  20.000  122.000   60.0  7.1
1906  6 24 11 17 49.00  15.000   92.000   60.0  7.3
1906  8 17  0 10 42.00  51.000  179.000    0.0  7.8
1906  8 17  0 40  0.00 -33.000  -72.000    0.0  8.5
1906  8 30  2 38  0.00 -21.000  -70.000    0.0  7.1
1906  9  7 18 52  0.00  34.000  141.000   35.0  7.0
1906  9 14 16  4 18.00  -7.000  149.000    0.0  8.0
1906 10  2  1 50  0.00  -4.000  149.000    0.0  7.2
1906 10 17  9 40  0.00  19.000  121.000   60.0  7.3
1906 11 19  7 18 18.00 -22.000  109.000    0.0  7.2
1906 12  3 22 59 24.00  15.000  -61.000  100.0  7.2
1906 12 19  1 14  0.00 -19.000 -172.000    0.0  7.2
1906 12 22 18 21  0.00  43.500   85.000    0.0  7.2
1906 12 23 17 22  0.00  56.850 -153.900    0.0  7.2
1906 12 26  5 54  0.00 -20.000  -73.000    0.0  7.0
1907  1  2 11 57  0.00 -21.100 -175.100    0.0  7.3
1907  1  4  5 19 12.00   2.000   94.500   50.0  7.5
1907  3 29 20 46 30.00   3.000  122.000  500.0  7.2
1907  3 31 22  0 36.00 -18.000 -177.000  400.0  7.2
1907  4 15  6  8  6.00  17.000 -100.000    0.0  7.9
1907  4 18 20 59 48.00  14.000  123.000    0.0  7.1
1907  5  4  6 51  0.00  -7.500  153.700   60.0  7.7
1907  5 25 14  2  8.00  50.500  148.000  600.0  7.4
1907  6 25 17 54 36.00   1.000  127.000  200.0  7.5
1907  8 17 17 27 54.00  52.000  157.000  120.0  7.2
1907  9  2 16  1 30.00  52.000  173.000    0.0  7.3
1907 10 16 14 57 18.00  28.000 -112.500    0.0  7.2
1907 10 21  4 23 36.00  38.000   69.000    0.0  7.2
1907 12 30  5 26  0.00  12.100  -86.300    0.0  7.2
1908  1 15 12 56  0.00  37.300  141.800   35.0  7.3
1908  2  9 18 13  0.00  26.000  100.000   60.0  7.3
1908  4 22 23 45  0.00 -38.000   48.000    0.0  7.0
1908  5 15  8 31 36.00  59.000 -141.000    0.0  7.0
1908  8 17 10 32  0.00 -60.000  -40.000    0.0  7.2
1908  8 20  9 53  0.00  32.000   89.000   60.0  7.0
1908 12 12 12  8  0.00 -14.000  -78.000   60.0  8.2
1908 12 12 12 54 54.00  26.500   97.000    0.0  7.0
1908 12 28  4 20 24.00  38.000   15.500    0.0  7.0
1909  1 23  2 48 18.00  33.400   49.100    0.0  7.0
1909  2 22  9 21 42.00 -18.000 -179.000  550.0  7.6
1909  2 26 16 42  0.00   5.000  -95.000   60.0  7.1
1909  3 13 14 29  0.00  34.500  141.500   35.0  7.6
1909  4 10 19 36  0.00  52.000  175.000    0.0  7.0
1909  4 27 12 44  0.00   0.000  147.000    0.0  7.1
1909  5 17  8  2 54.00 -20.000  -64.000  250.0  7.0
1909  5 30 21  1 18.00  -8.000  131.000  100.0  7.1
1909  6  3 18 40 48.00  -2.000  101.000    0.0  7.2
1909  6  8  5 46 30.00 -26.500  -70.500    0.0  7.2
1909  7  7 21 37 50.00  36.500   70.500  230.0  7.6
1909  8 18  0 39 30.00 -22.000  172.000  100.0  7.2
1909  9  8 16 49 48.00  52.500 -169.000   90.0  7.0
1909 10 20 23 41 12.00  30.000   68.000    0.0  7.0
1909 11 10  6 13 30.00  32.300  131.100  150.0  7.5
1909 11 21  7 36  0.00  25.500  122.000    5.0  7.3
1909 12  9 15 33  0.00  -8.000  161.000    0.0  7.0
1910  1  1 11  2  0.00  16.500  -84.000   60.0  7.1
1910  1 30  3 45  0.00 -22.000  170.000    0.0  7.0
1910  2  4 14  0  0.00 -17.000  168.000    0.0  7.0
1910  2 12 18 10  6.00  33.000  138.000  350.0  7.2
1910  3 30 16 55 48.00 -21.000  170.000   80.0  7.1
1910  3 31 18 13  0.00 -71.000   -6.000    0.0  7.1
1910  4 12  0 22 13.00  25.000  123.000  200.0  7.6
1910  4 20 22 22  0.00 -20.000 -177.000  330.0  7.0
1910  5 31  4 54  0.00  10.000 -105.000    0.0  7.0
1910  6  1  5 55 30.00 -20.000  169.000   80.0  7.3
1910  6 16  6 30 42.00 -19.000  169.500  100.0  7.9
1910  6 29 10 45  0.00 -32.000 -176.000    0.0  7.2
1910  9  1  0 45  0.00  21.000  122.000    0.0  7.0
1910  9  6 19 59  0.00 -25.000  -70.000    0.0  7.1
1910  9  7  7 11 18.00  -6.000  151.000   80.0  7.2
1910  9  9  1 13 18.00  51.500 -176.000   25.0  7.0
1910 10  4 23  0  6.00 -22.000  -69.000  120.0  7.2
1910 11  9  6  2  0.00 -16.000  166.000   70.0  7.5
1910 11 15 14 21 48.00 -58.000  -22.000   60.0  7.2
1910 12 10  9 26 42.00 -11.000  162.500   50.0  7.2
1910 12 13 11 37 24.00  -8.000   31.000    0.0  7.6
1910 12 14 20 46 12.00 -21.000 -178.000  600.0  7.2
1911  1  3 23 25 45.00  43.500   77.500    0.0  7.8
1911  2 18 18 41  3.00  40.000   73.000    0.0  7.2
1911  2 23 11 14 12.00  27.000  128.000    5.0  7.1
1911  4  4 15 43 54.00  36.500   25.500  140.0  7.0
1911  4 10 18 42 24.00   9.000  -74.000  100.0  7.0
1911  5  4 23 36 54.00  51.000  157.000  240.0  7.4
1911  6  7 11  2 42.00  17.500 -102.500    0.0  7.6
1911  6 15 14 26  0.00  28.000  130.000   90.0  8.1
1911  7  5 18 40  6.00  -7.500  117.500  370.0  7.0
1911  7 12  4  7 36.00   9.000  126.000    0.0  7.5
1911  8 16 22 41 18.00   7.000  137.000    0.0  7.7
1911  8 21 16 28 55.00 -21.000 -176.000  300.0  7.2
1911  9  6  0 54 18.00  46.000  143.000  350.0  7.0
1911  9 15 13 10  0.00 -20.000  -72.000    0.0  7.1
1911  9 17  3 26  0.00  51.000  180.000    0.0  7.1
1911 10 20 17 44  0.00 -12.500  166.000  160.0  7.0
1911 11 22 23  5 24.00 -15.000  169.000  200.0  7.3
1912  1 31 20 11 48.00  61.000 -147.500   80.0  7.0
1912  5  6 19  0  0.00  64.000  -20.000    0.0  7.0
1912  5 23  2 24  6.00  21.000   97.000    0.0  7.7
1912  7  7  7 57 36.00  64.000 -147.000    0.0  7.2
1912  7 24 11 59  0.00  -5.000  -80.000    0.0  7.0
1912  8  6 21 11 18.00 -14.000  167.000  260.0  7.3
1912  8  9  1 29  0.00  40.500   27.000    0.0  7.6
1912  9  1  4 10  0.00  -4.500  155.000  430.0  7.0
1912 10 18 11 48  0.00  54.600  179.200   60.0  7.1
1912 10 26  9  0 36.00  14.000  146.000  130.0  7.0
1912 11  7  7 40 24.00  57.500 -155.000   90.0  7.3
1912 12  7 22 46 50.00 -29.000  -62.500  620.0  7.3
1912 12  9  8 32 24.00  15.500  -93.000    0.0  7.1
1913  1 11 13 16 54.00   1.500  122.000    0.0  7.2
1913  2 20  8 58 48.00  41.000  144.000    0.0  7.0
1913  3 14  8 45  0.00   4.500  126.500    0.0  7.9
1913  3 23 20 47 18.00  24.000  142.000   80.0  7.1
1913  4 25 17 56  8.00   9.500  128.800    0.0  7.2
1913  5 18  2  8 53.00  14.500  145.500    0.0  7.0
1913  5 30 11 46 46.00  -5.000  154.000    0.0  7.7
1913  6 22 13 49 52.00  48.000 -178.000    0.0  7.2
1913  6 26  4 57 12.00 -20.000 -174.000    0.0  7.7
1913  8  6 22 14 24.00 -17.000  -74.000    0.0  7.8
1913  8 13  4 25 42.00  -5.500  105.000   75.0  7.3
1913 10 11  4  6  3.00  -7.000  148.000    0.0  7.0
1913 10 14  8  8 48.00 -19.500  169.000  230.0  7.6
1913 11 10 21 12 30.00 -18.000  169.000   80.0  7.2
1913 11 15  5 27  6.00 -23.000  171.000  150.0  7.1
1913 12 21 15 37 48.00  24.500  102.000    0.0  7.2
1914  1 20 12  0 13.00  52.900  159.600   60.0  7.2
1914  1 30  3 36  0.00 -35.000  -73.000    0.0  7.5
1914  2 26  4 58 12.00 -18.000  -67.000  130.0  7.2
1914  3 14 20  0  0.00  39.500  140.400    5.0  7.0
1914  3 30  0 41 18.00  17.000  -92.000  150.0  7.2
1914  4 11 16 30 24.00 -12.000  163.000   50.0  7.2
1914  5 26 14 22 42.00  -2.000  137.000    0.0  7.9
1914  6 20  7 20 30.00 -12.000  166.000   50.0  7.0
1914  6 25 19  7 18.00  -4.500  102.500    0.0  7.6
1914  7  4 23 38 54.00  -5.500  129.000  200.0  7.1
1914  8  4 22 41 36.00  43.500   91.500    0.0  7.2
1914 10  3 17 22 12.00  16.000  -61.000  100.0  7.4
1914 10  3 22  6 34.00  37.500   32.500    0.0  7.1
1914 10 11 16 17  6.00  12.000   94.000   80.0  7.2
1914 10 23  6 18 34.00   6.000  132.500    0.0  7.6
1914 11 22  8 14 18.00 -39.000  176.000  100.0  7.0
1914 11 24 11 53 30.00  22.000  143.000  110.0  7.9
1915  1  5 14 33 15.00 -15.000  168.000  200.0  7.3
1915  1  5 23 26 42.00  25.100  123.300  150.0  7.3
1915  2 25 20 36 12.00 -20.000  180.000  600.0  7.1
1915  2 28 18 59  5.00  23.600  123.500    0.0  7.7
1915  3  8 15 29 43.00  39.000  142.000    0.0  7.0
1915  3 17 18 45  0.00  42.100  143.600   35.0  7.2
1915  5  1  5  0  0.00  47.500  154.500   35.0  7.9
1915  6  6 21 29 37.00 -18.500  -68.500  160.0  7.3
1915  7 31  1 31 24.00  54.000  162.000    0.0  7.5
1915  8  6 13 12  7.00  43.000  150.500    0.0  7.1
1915  9  7  1 20 48.00  14.000  -89.000   80.0  7.4
1915 10  3  6 52 48.00  40.500 -117.500    0.0  7.6
1915 10  8 15 36  3.00  32.800  139.100  200.0  7.0
1915 11  1  7 24  0.00  38.300  142.900   35.0  7.5
1915 11 21  0 13 42.00  32.000 -115.000    0.0  7.1
1915 12  3  2 39 19.00  29.500   91.500    0.0  7.0
1916  1 24  6 55  7.00  41.000   37.000    0.0  7.2
1916  2  1  7 36 22.00  29.500  131.500    0.0  7.4
1916  2  6 21 51 19.00  48.500  178.500    0.0  7.7
1916  2 27 20 20 48.00  12.000  -90.000    0.0  7.3
1916  4  7  9 26 12.00 -30.000   55.000    0.0  7.2
1916  4 18  4  1 48.00  53.250 -170.000  170.0  7.4
1916  4 21 11 31 48.00  32.500  141.800   35.0  7.0
1916  4 24  4 26 42.00  18.500  -68.000   80.0  7.0
1916  4 24  8  2 12.00  11.000  -85.000    0.0  7.2
1916  4 26  2 21 30.00  10.000  -85.000    0.0  7.1
1916  6  2 13 59 24.00  17.500  -95.000  150.0  7.0
1916  6 21 21 32 30.00 -28.500  -63.000  600.0  7.4
1916  7  8  9 34 30.00 -18.000  180.000  600.0  7.1
1916  7 27 11 52 42.00   4.000   96.500  100.0  7.0
1916  8  3  1 30  2.00  -4.000  144.500    0.0  7.1
1916  8 25  9 44 42.00 -21.000  -68.000  180.0  7.0
1916  8 28  6 39 42.00  30.000   81.000    0.0  7.2
1916  8 28  7 27  5.00  23.900  120.500    5.0  7.2
1916  9 11  6 30 36.00  -9.000  113.000  100.0  7.1
1916  9 15  7  1 18.00  34.400  141.200   35.0  7.1
1916 10  3  1 26 13.00 -14.000  -74.500    0.0  7.1
1917  1 30  2 45 36.00  56.500  163.000    0.0  7.7
1917  2 20 19 29 48.00  19.500  -78.500    0.0  7.2
1917  3 15  0 14 11.00  39.700  144.100    0.0  7.1
1917  4 21  0 49 49.00  37.000   70.500  220.0  7.1
1917  5  1 18 26 30.00 -29.000 -177.000    0.0  8.0
1917  5 31  8 47 20.00  54.500 -160.000    0.0  7.5
1917  6 26  5 49 42.00 -15.500 -173.000    0.0  8.5
1917  7 29 14 32 15.00  41.000  144.000    0.0  7.0
1917  7 29 21 52 24.00  -3.500  141.000    0.0  7.6
1917  7 30 23 54  5.00  29.000  104.000    0.0  7.3
1917  7 31  3 23 10.00  42.000  131.000  500.0  7.4
1917  8 30  4  7 15.00  -7.500  128.000  100.0  7.3
1917  8 31 11 36 24.00   4.000  -74.000    0.0  7.1
1917 11  4 12  3 30.00   4.800   96.800    0.0  7.1
1917 12 29 22 50 20.00  15.000  -97.000    0.0  7.7
1918  1 30 21 18 36.00  45.447  136.741  330.4  7.4
1918  2  7  5 20 33.00   6.778  126.688  218.1  7.2
1918  2 13  6  7 13.00  23.540  117.243   15.0  7.2
1918  4 10  2  3 53.00  43.476  130.919  564.9  7.0
1918  5 20 14 36  5.00   7.341  -34.802   15.0  7.1
1918  5 20 17 55 10.00 -28.899  -71.893   35.0  7.6
1918  7  3  6 52  8.00  -3.471  143.217   35.0  7.2
1918  7  8 10 22  7.00  24.809   90.725   15.0  7.5
1918  8 15 12 18 16.00   5.653  123.563   35.0  8.2
1918  9  7 17 15 43.00  46.812  150.253  242.4  7.6
1918 10 11 14 14 40.00  18.473  -67.631   35.0  7.3
1918 10 27 17  6 40.00  -1.121  150.278   35.0  7.2
1918 11  8  4 38 10.00  43.816  152.775   63.5  7.5
1918 11 18 18 41 44.00  -7.168  129.210   35.0  7.5
1918 11 23 22 57 48.00  -8.283  126.567  217.9  7.1
1918 12  4 11 47 38.00 -27.275  -73.464   25.0  7.5
1919  1  1  3  0  4.00 -19.971 -177.914  202.7  7.7
1919  3  2  3 26 51.00 -41.401  -72.222   15.0  7.2
1919  3  2 11 45 16.00 -42.284  -76.452   15.0  7.1
1919  5  3  0 52  6.00  41.007  145.233   35.0  7.3
1919  5  6 19 40 38.00  -5.477  152.629  232.8  7.6
1919  6  1  6 51  4.00  27.074  123.315   35.0  7.1
1919  8 29  5 44  5.00  -2.682  127.493   35.0  7.0
1919  8 31 17 20 35.00 -15.880  167.337   35.0  7.3
1919 12 20 20 37 40.00  23.536  121.212   35.0  7.0
1920  1  3 21 48  3.00  19.260  -96.970 -100.0  7.8
1920  2 22 17 35 50.00  47.250  146.238  355.1  7.1
1920  3 20 18 31 23.00 -35.697 -110.833   15.0  7.0
1920  6  5  4 21 35.00  23.813  122.080   35.0  7.9
1920  9 20 14 39  5.00 -19.919  168.530   35.0  7.8
1920 12 10  4 25 41.00 -39.456  -74.988   35.0  7.2
1920 12 16 12  5 54.00  36.601  105.317   25.0  8.3
1921  2  4  8 22 43.00  15.411  -90.780   35.0  7.4
1921  3 28  7 49 33.00  13.356  -87.361   35.0  7.2
1921  7  4 14 18 12.00  28.885  129.915   35.0  7.4
1921  9 11  4  1 25.00 -13.095  110.177   25.0  7.3
1921  9 13  2 36 56.00 -56.259  -28.622   35.0  7.0
1921 10 20  6  3 20.00 -20.060  -68.956  113.6  7.2
1921 11 11 18 36 26.00   7.897  127.257   35.0  7.3
1921 11 15 20 36 33.00  36.116   70.724  152.1  7.6
1921 12  8 12 31  0.00  36.000  140.200   35.0  7.0
1921 12 18 15 29 28.00  -4.043  -71.223  544.8  7.5
1922  1  6 14 10 43.00 -20.408  -76.389   25.0  7.1
1922  1  9  5  9 33.00  23.220  -45.931   15.0  7.0
1922  1 17  3 50  1.00  -6.482  -71.859  358.5  7.4
1922  1 31 13 17 28.00  40.700 -125.553   15.0  7.2
1922  3  4 13  7 44.00  52.924  157.181  241.4  7.1
1922  3 28  3 58  1.00 -21.454  -68.130  136.4  7.1
1922 10 11 14 50  6.00 -16.125  -72.385  160.0  7.6
1922 10 24 21 21  3.00  47.267  152.190   35.0  7.3
1922 11  7 23  0 15.00 -28.441  -72.193   25.0  7.1
1922 11 11  4 32 45.00 -28.553  -70.755   35.0  8.7
1922 12 31  7 20 11.00  45.738  150.805   35.0  7.0
1923  2  3 16  1 48.00  53.853  160.761   35.0  8.5
1923  3  2 16 48 44.00   7.487  124.928   86.6  7.1
1923  3 16 22  1 43.00   6.495  127.058   35.0  7.0
1923  3 24 12 40 19.00  30.553  101.258   25.0  7.2
1923  5  4 16 26 46.00  55.765 -156.986   25.0  7.1
1923  6  1 17 24 46.00  35.674  141.767   35.0  7.1
1923  6 22  6 44 38.00  22.589   98.681   25.0  7.2
1923  7 13 11 13 41.00  31.000  130.900   35.0  7.1
1923  9  1  2 58 37.00  35.405  139.084   35.0  7.9
1923  9  9 22  3 53.00  24.943   90.320   35.0  7.1
1923 10  7  3 29 42.00  -1.201  129.486   35.0  7.2
1923 11  2 21  8 11.00  -4.653  154.232  145.1  7.2
1924  1 16 21 37 59.00 -22.028 -177.909  350.0  7.0
1924  3  4 10  7 52.00   9.557  -83.844   35.0  7.0
1924  4 14 16 20 41.00   7.023  125.954   35.0  8.2
1924  5  4 16 51 51.00 -21.504 -178.441  561.9  7.2
1924  5  6 16  9 31.00  15.935  118.950   35.0  7.0
1924  5 28  9 52  0.00  48.385  145.748  431.8  7.0
1924  6 26  1 37 32.00 -56.407  158.489   15.0  8.3
1924  6 30 15 44 25.00  44.737  147.416  139.6  7.2
1924  7  3  4 40 14.00  36.632   83.903   35.0  7.1
1924  7 24  4 55 22.00 -49.862  159.824   35.0  7.0
1924 12 27 11 21 53.00  44.159  146.370   35.0  7.0
1924 12 28 22 55  4.00  43.397  146.579   35.0  7.0
1925  1 18 12  5 57.00  47.912  153.635   35.0  7.2
1925  3 16 14 42 18.00  25.688  100.494   25.0  7.0
1925  3 22  8 42  0.00 -18.581  168.529   35.0  7.1
1925  4 16 19 52 43.00  21.798  121.111   35.0  7.1
1925  5  3 17 21 47.00   1.216  126.576   35.0  7.1
1925  5  3 22 59  6.00 -34.107   57.950   15.0  7.0
1925  6  9 13 40 22.00  -4.142  143.098   35.0  7.0
1925 10 13 17 40 37.00  10.604  -42.129   15.0  7.0
1925 11 10 13 50 40.00  -0.633  130.267   35.0  7.2
1925 11 13 12 14 53.00  12.726  124.849   35.0  7.2
1925 11 16 11 55  1.00  18.375 -106.809   25.0  7.0
1926  1 25  0 36 29.00  -9.994  159.027   35.0  7.2
1926  2  8 15 17 57.00  12.011  -88.758   35.0  7.1
1926  3 21 14 19 14.00 -60.631  -23.673   35.0  7.1
1926  3 27 10 48 21.00  -8.563  160.554   35.0  7.1
1926  4 12  8 32 34.00 -10.709  160.626   35.0  7.2
1926  4 28 11 13 39.00 -22.665  -68.164   35.0  7.1
1926  6  3  4 47  3.00 -15.048  168.192   77.2  7.1
1926  6 26 19 46 40.00  36.605   26.888  101.8  7.7
1926  6 29 14 27  3.00  26.986  127.473  142.2  7.4
1926  8 25  5 44 47.00 -23.007  171.822   35.0  7.0
1926  8 30 11 38  9.00  36.901   22.996   85.2  7.1
1926  9 10 10 34 27.00  -9.152  110.701   35.0  7.0
1926 10  3 19 38  1.00 -49.809  161.703   15.0  7.3
1926 10 13 19  8 16.00  51.771 -175.361   35.0  7.0
1926 10 26  3 44 43.00  -3.219  139.097   35.0  7.5
1926 11  5  7 55 30.00  12.670  -86.736   35.0  7.1
1927  2 16  1 35 27.00  46.617  153.073   35.0  7.0
1927  3  3  1  5 14.00  -6.617  121.807   35.0  7.0
1927  3  7  9 27 42.00  35.802  134.924    9.6  7.1
1927  4  1 19  5 38.00 -19.802 -177.478   35.0  7.0
1927  4 14  6 23 30.00 -32.477  -69.675   35.0  7.2
1927  4 19 17 30 11.00  15.250  120.454  139.1  7.1
1927  5 22 22 32 48.00  37.386  102.311   25.0  7.7
1927  6  3  7 12 17.00  -7.071  130.960  169.0  7.2
1927  8  5 21 12 58.00  37.873  142.191   35.0  7.1
1927  8 10 11 36 15.00  -0.534  131.673   35.0  7.1
1927 10 24 15 59 56.00  57.440 -136.373   15.0  7.1
1927 11  4 13 51  4.00  34.915 -121.031   15.0  7.0
1927 11 21 23 12 30.00 -45.112  -73.622   15.0  7.1
1927 11 26 12 54  0.00 -24.320  -66.963  179.3  7.0
1927 12 28 18 20 34.00  55.663  160.039   35.0  7.5
1928  3  9 18  5 27.00  -2.954   88.801   15.0  7.7
1928  3 13 18 31 35.00  -7.213  153.873   35.0  7.0
1928  3 16  5  1 10.00 -22.281  170.476   35.0  7.5
1928  3 29  5  6  8.00  31.682  137.730  433.9  7.0
1928  5 14 22 14 51.00  -5.261  -78.559   35.0  7.2
1928  5 27  9 50 27.00  39.813  142.999   35.0  7.1
1928  6 15  6 12 42.00  12.732  120.819   35.0  7.0
1928  6 29 22 49 45.00 -15.664  170.701   35.0  7.1
1928  8 12  8  8 44.00   1.834  127.243   35.0  7.0
1928  8 24 21 43 31.00 -14.287  168.497  220.0  7.0
1928 12  1  4  6 15.00 -35.086  -71.683   35.0  7.7
1928 12 19 11 37 17.00   6.977  124.856   35.0  7.3
1929  1 13  0  3  3.00  50.447  154.872   35.0  7.4
1929  2  1 17 14 26.00  36.459   70.931  207.9  7.0
1929  2 22 20 41 49.00  10.482  -41.883   15.0  7.0
1929  3  7  1 34 42.00  50.786 -169.524   25.0  7.8
1929  5  1 15 37 37.00  37.957   57.693   25.0  7.1
1929  5 26 22 40  2.00  51.235 -130.556   15.0  7.0
1929  6  4 15 15 24.00   6.021  125.639   35.0  7.1
1929  6 13  9 24 38.00   7.945  126.806   35.0  7.1
1929  6 16 22 47 32.00 -41.831  172.292   35.0  7.5
1929  6 27 12 47 14.00 -54.714  -29.549   35.0  8.0
1929  7  7 21 23 16.00  51.347 -177.910   35.0  7.2
1929 10 19 10 12 51.00 -23.038  -68.737   35.0  7.4
1929 11 15 18 50 32.00   7.522  142.735   25.0  7.1
1929 11 18 20 32  0.00  44.539  -56.008   15.0  7.4
1929 12 17 10 58 44.00  53.783  171.512   35.0  7.7
1930  5  6 22 34 27.00  38.152   44.685   25.0  7.1
1930  6 11  0 49 42.00  -5.873  148.886   35.0  7.1
1930  7  2 21  3 44.00  25.641   90.245   35.0  7.1
1930 10 24 20 15 12.00  18.351  146.570   35.0  7.0
1930 12  3 18 51 49.00  17.972   96.422   35.0  7.3
1930 12 21 14 51 12.00  19.986  121.585   35.0  7.0
1930 12 25 19  3  0.00  35.100  133.000    5.0  7.0
1931  1 15  1 50 47.00  16.053  -96.614   35.0  7.8
1931  1 27 20  9 22.00  25.675   96.755   35.0  7.6
1931  1 28 21 24 10.00  10.778  144.803   35.0  7.1
1931  2  2 22 46 51.00 -39.772  176.025   35.0  7.7
1931  2 20  5 33 27.00  44.430  135.642  356.7  7.4
1931  3  2  2 18 25.00 -21.828  171.147   35.0  7.0
1931  3  9  3 48 56.00  40.484  142.664   35.0  7.7
1931  3 28 12 38 48.00  -7.369  129.491  150.9  7.2
1931  5 20  2 22 53.00  37.472  -16.072   25.0  7.1
1931  8  7  2 11 43.00  -2.859  142.079   35.0  7.1
1931  8 10 21 18 47.00  46.571   89.965   35.0  7.9
1931  8 27 15 27 24.00  29.473   67.172   35.0  7.1
1931  9  9 20 38 28.00  19.152  145.489  171.8  7.1
1931  9 25  5 59 52.00  -5.178  102.511   35.0  7.3
1931 10  3 19 13 20.00 -10.932  161.016   35.0  7.8
1931 10  3 21 55 14.00 -12.684  163.187   35.0  7.0
1931 11  2 10  3  3.00  32.003  131.945   42.2  7.5
1932  1  9 10 21 48.00  -6.083  154.445  387.6  7.2
1932  1 29 13 41 16.00  -6.808  155.035   53.8  7.1
1932  5 14 13 11  5.00   0.258  126.169   35.0  8.1
1932  5 26 16  9 39.00 -25.399  179.049  568.8  7.5
1932  6  3 10 36 53.00  19.457 -104.146   25.0  7.9
1932  9 23 14 22 15.00  44.486  138.722  350.0  7.0
1932 12  4  8 11 20.00   2.387  121.019   45.8  7.1
1932 12 21  6 10  9.00  38.510 -118.084   15.0  7.1
1932 12 25  2  4 31.00  39.771   96.690   25.0  7.6
1933  1  1  8 48 45.00 -14.754  167.502  147.0  7.0
1933  1 21 19 21 14.00 -33.505   57.732   15.0  7.1
1933  2 23  8  9 20.00 -20.297  -69.965   35.0  7.2
1933  3  2 17 31  0.00  39.224  144.622   35.0  8.4
1933  3 17 15 55 30.00  54.857  161.601   35.0  7.0
1933  6 24 21 54 49.00  -5.522  104.434   35.0  7.3
1933  8 25  7 50 32.00  31.810  103.541   25.0  7.3
1933  8 28 22 19 46.00 -59.439  -26.643   35.0  7.2
1933  9  6 22  8 31.00 -21.948 -179.243  587.4  7.0
1933 10 25 23 28 15.00 -23.686  -66.650  206.5  7.0
1933 11 20 23 21 35.00  72.996  -70.116   15.0  7.1
1933 12  4 19 33 58.00  46.192  144.592  352.6  7.1
1934  1 15  8 43 25.00  26.773   86.762   35.0  8.0
1934  2 14  3 59 41.00  17.404  119.190   35.0  7.5
1934  2 24  6 23 46.00  22.878  144.067   35.0  7.2
1934  2 28 14 21 55.00  -5.234  149.484   35.0  7.1
1934  3  1 21 45 19.00 -40.925  -72.877   35.0  7.3
1934  3  5 11 46 19.00 -40.643  175.738   35.0  7.3
1934  4 15 22 15 19.00   7.526  126.857   35.0  7.1
1934  5  4  4 36 10.00  61.519 -147.599   35.0  7.1
1934  6 13 22 10 22.00  27.428   62.594   35.0  7.0
1934  6 29  8 26 14.00  -7.083  123.166  647.7  7.0
1934  7 18  1 36 28.00   8.045  -82.480   25.0  7.6
1934  7 18 19 40 23.00 -11.907  166.731   35.0  7.8
1934  7 19  1 27 32.00  -0.793  133.354   35.0  7.0
1934 10 10 15 42  9.00 -23.748  179.782  529.8  7.2
1934 12 15  1 57 43.00  31.013   89.080   35.0  7.1
1934 12 31 18 45 56.00  32.685 -115.761   15.0  7.1
1935  1  1 13 20 35.00 -15.719 -174.526   35.0  7.0
1935  2 22 17  6  1.00  53.273  175.017   35.0  7.1
1935  4 19 15 23 23.00  31.243   15.300   15.0  7.1
1935  4 20 22  2  2.00  24.364  120.613   35.0  7.1
1935  5 30 21 32 56.00  28.894   66.176   35.0  8.1
1935  6 24 23 23 18.00 -15.550  167.872  141.6  7.1
1935  7 29  7 38 51.00 -21.537 -177.919  454.9  7.1
1935  8  3  1 10  7.00   4.430   96.326   35.0  7.0
1935  8 17  1 44 37.00 -22.098  171.646   35.0  7.2
1935  9  9  6 17 38.00   6.228  141.717   35.0  7.0
1935  9 20  1 46 42.00  -3.920  141.330   35.0  8.1
1935 12 14 22  5 25.00  14.718  -92.484   35.0  7.2
1935 12 15  7  7 54.00  -9.590  161.145   35.0  7.5
1935 12 17 19 17 36.00  22.525  125.747   25.0  7.1
1935 12 28  2 35 29.00  -0.345   98.147   35.0  7.8
1936  1  9  9 23  0.00   1.100  -77.600 -100.0  7.0
1936  2 15 12 47  2.00  -4.362  133.285   35.0  7.1
1936  4  1  2  9 27.00   4.165  126.521   35.0  7.7
1936  4 19  5  7 19.00  -7.674  156.473   35.0  7.2
1936  5 27  6 19 17.00  28.345   83.283   35.0  7.0
1936  6 10  8 23 21.00  -5.500  147.000  190.0  7.0
1936  6 30 15  6 44.00  51.274  160.885   35.0  7.2
1936  7  5 18 55 14.00   5.856  127.024   35.0  7.3
1936  7 13 11 12 17.00 -24.715  -70.023   35.0  7.1
1936  8 22 11  9 19.00  21.949  121.186   35.0  7.2
1936  8 23 21 12 13.00   5.296   94.759   35.0  7.1
1936  9 19  1  1 49.00   3.648   97.551   35.0  7.1
1936 10  5  9 44 25.00   1.633  126.237   35.0  7.0
1936 11  2 20 45 59.00  38.337  142.151   35.0  7.1
1936 11 13 12 31 34.00  56.038  163.458   35.0  7.1
1937  1  7 13 20 41.00  35.404   97.667   15.0  7.6
1937  1 23 10 55 58.00  -5.290  152.757   35.0  7.0
1937  1 25  6 34  5.00 -10.847  162.794   35.0  7.1
1937  2 21  7  2 44.00  44.241  149.605   56.0  7.3
1937  4 16  3  1 37.00 -20.768 -177.144  348.8  7.5
1937  6 21 15 13  5.00  -8.443  -79.853   42.0  7.1
1937  7  2  2 37 16.00 -13.857  167.049   35.0  7.0
1937  7 19 19 35 27.00  -1.978  -76.397  184.2  7.1
1937  7 22 17  9 35.00  64.494 -146.854   35.0  7.2
1937  7 26  3 47  9.00  18.523  -95.878   35.0  7.2
1937  8 11  0 55 48.00  -9.675  117.533   35.0  7.2
1937  8 20 11 59 22.00  14.318  121.547   35.0  7.3
1937  9  3 18 48 11.00  52.447 -177.398   35.0  7.2
1937  9  8  0 40 14.00 -56.541  -26.912  219.4  7.1
1937  9 27  8 55 16.00  -9.027  110.802   35.0  7.0
1937 11 14 10 58 13.00  36.569   70.670  199.7  7.1
1937 12 23 13 18  6.00  17.431  -98.287   35.0  7.4
1938  1 24 10 31 50.00 -60.547  -35.582   15.0  7.0
1938  2  1 19  4 21.00  -5.050  131.620   35.0  8.4
1938  5 12 15 39  5.00  -6.271  147.803   35.0  7.3
1938  5 19 17  8 36.00  -0.366  119.525   49.4  7.5
1938  5 23  8 21 54.00  18.053  119.994   35.0  7.0
1938  5 30 14 29 52.00 -19.882  169.165   35.0  7.0
1938  6  9 19 15 11.00  -3.145  126.928   25.0  7.0
1938  6 10  9 53 44.00  25.208  125.115   35.0  7.6
1938  6 16  2 15 19.00  27.585  129.539   35.0  7.2
1938  8 16  4 27 56.00  22.957   93.884   35.0  7.1
1938  9  7  4  3 23.00  23.737  121.408   47.4  7.0
1938 10 10 20 48 10.00   2.386  126.553   35.0  7.2
1938 10 20  2 19 24.00  -9.268  123.243   35.0  7.3
1938 11  5  8 43 22.00  37.009  142.045   35.0  7.9
1938 11 10 20 18 46.00  55.328 -158.370   35.0  8.0
1939  1 25  3 32  0.00 -36.200  -72.200    0.0  7.7
1939  1 30  2 18 29.00  -7.080  155.386   35.0  7.7
1939  3  2  7  0 20.00  -4.383  143.155   35.0  7.0
1939  3 21  1 11 13.00  -1.285   89.401   15.0  7.0
1939  4 18  6 22 43.00 -27.138  -70.705   35.0  7.3
1939  4 30  2 55 29.00  -9.295  159.234   35.0  7.9
1939  5  1  5 58 32.00  39.839  139.969   35.0  7.0
1939  6  8 20 46 51.00 -15.269 -173.931   35.0  7.0
1939  8 12  2  7 29.00 -16.058  168.154  172.4  7.0
1939 10 17  6 22 11.00 -14.809  167.289  101.0  7.3
1939 12 16 10 46 31.00  43.624  147.797   35.0  7.1
1939 12 21 20 54 53.00   9.986  -84.546   35.0  7.2
1939 12 21 21  0 33.00  -0.208  122.565   35.0  7.8
1939 12 26 23 57 22.00  39.770   39.533   35.0  7.7
1940  1  6 14  3 29.00 -21.690  170.781   79.7  7.2
1940  1 17  1 14 58.00  17.244  148.218   31.3  7.3
1940  2 20  2 18 23.00 -13.776  167.138  190.5  7.0
1940  4 16  6 43  9.00  52.818  173.345   35.0  7.1
1940  5 19  4 36 48.00  33.222 -115.697   15.0  7.1
1940  5 24 16 33 58.00 -11.119  -77.629   50.1  7.5
1940  5 28  9 40 47.00  -2.318  139.150   35.0  7.0
1940  7 10  5 49 58.00  44.386  130.777  577.6  7.3
1940  7 14  5 52 54.00  52.117  178.159   35.0  7.4
1940  8  1 15  8 26.00  44.508  139.829   35.0  7.5
1940  8 22  3 27 18.00  53.000 -165.500   60.0  7.0
1940  9 12 13 17 10.00  -4.500  153.000   40.0  7.1
1940  9 19 18 19 48.00 -24.000  171.000   80.0  7.0
1940  9 22 22 51 56.00   8.000  124.000  680.0  7.0
1940 10  4  7 54 50.00 -20.592  -70.718   23.5  7.1
1940 10 11 18 41 13.00 -42.042  -73.933   15.0  7.0
1940 11 10  1 39  8.00  45.773   26.655  122.0  7.3
1940 12 28 16 37 46.00  18.140  147.527   35.0  7.3
1941  2  4 14  3 19.00  10.078  123.998  602.4  7.0
1941  4  3 15 21 30.00 -22.579  -66.642  150.1  7.2
1941  4  7 23 29 18.00  17.265  -78.591   15.0  7.0
1941  4 15 19  9 57.00  18.677 -102.957   35.0  7.6
1941  5 17  2 24 58.00 -10.462  166.139   35.0  7.2
1941  6 26 11 52  6.00  12.149   92.478   49.1  7.7
1941  9 18 13 14  9.00 -13.928  -72.294   61.0  7.0
1941 11 15  4 19 57.00 -59.802  -26.993   35.0  7.1
1941 11 18 10 14 41.00 -60.757  -55.375   35.0  7.1
1941 11 18 16 46  0.00  32.000  132.000    0.0  7.7
1941 11 24 21 46 21.00 -28.276 -177.611   35.0  7.0
1941 11 25 18  3 58.00  37.171  -18.960   25.0  8.1
1941 12  5 20 47  4.00   8.752  -83.158   35.0  7.3
1941 12  6 21 24 44.00   8.143  -84.401   35.0  7.0
1941 12 16 19 19 45.00  23.251  120.391   35.0  7.1
1941 12 26 14 48  3.00  21.076   99.145   25.0  7.0
1942  1 27 13 29 11.00  -4.325  134.838   18.4  7.1
1942  1 29  9 23 48.00 -19.321  169.042  117.7  7.0
1942  3  5 19 48 18.00  44.272  141.632  259.0  7.0
1942  4  8 15 40 28.00  12.845  120.553   41.3  7.3
1942  5 14  2 13 28.00   0.012  -79.902   35.0  7.8
1942  6 14  3  9 57.00  14.548  148.008   48.7  7.0
1942  6 18  9 31  0.00   9.123  140.101   35.0  7.0
1942  6 24 11 16 30.00 -41.534  175.630   35.0  7.0
1942  7  8  6 55 43.00 -24.602  -70.189   35.0  7.0
1942  8  6 23 37  0.00  13.780  -90.913   35.0  7.7
1942  8 24 22 50 31.00 -14.975  -74.920   35.0  7.7
1942 10 20 23 21 52.00   7.731  122.595   35.0  7.2
1942 11 10 11 41 28.00 -49.726   29.947   15.0  8.0
1942 11 26 14 27 31.00  45.405  150.175   76.0  7.4
1942 11 28 10 38 46.00   7.280  -35.644   15.0  7.1
1942 12 20 14  3 11.00  40.671   36.450   35.0  7.2
1943  2 22  9 20 45.00  17.750 -101.500    0.0  7.4
1943  2 28 12 54 33.00  36.500   70.500  210.0  7.1
1943  3 14 18 37 56.00 -20.000  -69.500  150.0  7.1
1943  3 21 20 35 43.00  -5.750  152.250    0.0  7.1
1943  4  1 14 18  8.00  -6.500  105.500    0.0  7.1
1943  4  6 16  7 15.00 -30.750  -72.000    0.0  8.2
1943  5  2 17 18  9.00   6.500  -80.000    0.0  7.0
1943  5  3  1 59 12.00  12.500  125.500    0.0  7.2
1943  5 25 23  7 36.00   7.500  128.000    0.0  7.6
1943  6  9  3  6 22.00  -1.000  101.000   50.0  7.5
1943  6 13  5 11 49.00  42.750  143.250   60.0  7.1
1943  7 23 14 53  9.00  -9.500  110.000   90.0  7.6
1943  7 29  3  2 16.00  19.250  -67.500    0.0  7.6
1943  9  6  3 41 30.00 -53.000  159.000    0.0  7.6
1943  9 10  8 36 53.00  35.250  134.000    0.0  7.0
1943  9 14  2  1 12.00 -22.000  171.000   50.0  7.2
1943  9 14  7 18  8.00 -30.000 -177.000   60.0  7.4
1943 10 23 17 23 16.00  26.000   93.000    0.0  7.1
1943 11  2 18  8 22.00 -57.000  -26.000    0.0  7.2
1943 11  3 14 32 17.00  61.750 -151.000    0.0  7.2
1943 11  6  8 31 37.00  -6.000  134.500    0.0  7.6
1943 11 13 18 43 57.00 -19.000  170.000    0.0  7.2
1943 11 26 21 25 22.00  -2.500  100.000  130.0  7.1
1943 11 26 22 20 36.00  41.000   34.000    0.0  7.5
1943 12  1  6  4 55.00  -4.750  144.000  120.0  7.3
1943 12 23 19  0 10.00  -5.500  153.500   50.0  7.2
1944  2 29  3 41 53.00 -14.500  -70.500  200.0  7.1
1944  2 29 16 28  7.00   0.500   76.000    0.0  7.1
1944  3  9 22 12 58.00  44.000   84.000    0.0  7.1
1944  3 22  0 43 18.00  -8.500  123.500  220.0  7.2
1944  3 31  2 51 43.00  -7.000  130.500   60.0  7.0
1944  4 27 14 38  9.00  -0.500  133.500   50.0  7.2
1944  5 25  1  6 37.00 -21.500 -179.500  640.0  7.0
1944  5 25 12 58  5.00  -2.500  152.750    0.0  7.3
1944  6 21 10 58 20.00 -22.000  169.000   50.0  7.0
1944  6 28  7 58 54.00  15.000  -92.500    0.0  7.1
1944  7 27  0  4 23.00  54.000 -165.500   70.0  7.1
1944  9 23 12 13 20.00  54.000  160.000   40.0  7.1
1944 10  5 17 28 27.00 -22.500  172.000  120.0  7.3
1944 11 15 20 47  1.00   4.500  127.500    0.0  7.0
1944 11 16 12 10 58.00 -12.500  167.000    0.0  7.2
1944 11 24  4 49  3.00 -19.000  169.000  170.0  7.4
1944 12  7  4 35 42.00  33.750  136.000    0.0  8.1
1944 12 10 16 24 58.00 -18.000  168.000   50.0  7.0
1945  2  1 12 13 40.00 -22.000  170.000   60.0  7.2
1945  2 10  4 57 56.00  41.250  142.500   50.0  7.1
1945  3 23 23 14 13.00 -62.000  153.000    0.0  7.0
1945  4 15  2 35 22.00  57.000  164.000    0.0  7.1
1945  6  3 13  5 33.00   8.400  -82.700   80.0  7.0
1945  7 15  5 35 13.00  17.500  146.500  120.0  7.1
1945  8 29 10 22 40.00 -15.000  168.000   50.0  7.1
1945  9  1 22 44 10.00 -46.500  165.500    0.0  7.1
1945 10  9 14 36 33.00  43.500  147.500   80.0  7.0
1945 11 27 21 56 50.00  24.500   63.000    0.0  8.0
1945 12  8  1  4  2.00  -6.500  151.000    0.0  7.1
1945 12 28 17 48 45.00  -6.000  150.000    0.0  7.6
1946  1  5 19 57 20.00 -16.000  167.000   50.0  7.1
1946  1 17  9 39 35.00  -7.500  147.500  100.0  7.2
1946  4  1 12 28 54.00  52.750 -163.500    0.0  8.0
1946  4 11  1 52 20.00  -1.000  -14.500    0.0  7.2
1946  5  8  5 20 22.00   0.000   99.500    0.0  7.1
1946  6 23 17 13 22.00  49.750 -124.500    0.0  7.6
1946  8  2 19 18 48.00 -26.500  -70.500   50.0  7.1
1946  8  4 17 51  5.00  19.250  -69.000    0.0  7.9
1946  8 28 22 28 15.00 -26.000  -63.000  580.0  7.1
1946  9 12 15 20 20.00  23.500   96.000    0.0  7.7
1946  9 23 23 30  0.00  -6.000  145.000  100.0  7.1
1946  9 29  3  1 55.00  -4.500  153.500    0.0  7.6
1946 11  1 11 14 24.00  51.500 -174.500   40.0  7.0
1946 11  2 18 28 25.00  41.500   72.500    0.0  7.3
1946 11  4 21 47 47.00  39.750   54.500    0.0  7.1
1946 11 12 17 28 41.00 -20.000 -173.500    0.0  7.1
1946 11 28 15 51 35.00 -18.500 -174.000  290.0  7.0
1946 12 21 10 18 49.00  44.000  149.000    0.0  7.2
1947  1 21 20  6 42.00 -24.500  -70.300    0.0  7.0
1947  1 26 10  6 46.00  12.500  -86.250  170.0  7.0
1947  3 17  8 19 32.00  33.000   99.500    0.0  7.5
1947  3 25 20 32 14.00 -38.750  178.500    0.0  7.0
1947  4  2  5 39 11.00  -1.500  138.000    0.0  7.2
1947  5  6 20 30 32.00  -6.500  148.500    0.0  7.3
1947  5 27  5 58 54.00  -1.500  135.250    0.0  7.2
1947  6 12  9  2 30.00   1.500  126.500   40.0  7.1
1947  7 29 13 43 22.00  28.500   94.000    0.0  7.3
1947  9 26 16  1 57.00  24.750  123.000  110.0  7.4
1947 10 16  2  9 47.00  64.500 -147.500    0.0  7.1
1947 11  1 14 58 53.00 -10.500  -75.000    0.0  7.7
1947 11  4  0  9 10.00  44.000  140.500    0.0  7.1
1948  1  6 17 25 58.00  17.000  -98.000   80.0  7.0
1948  1 24 17 46 40.00  10.500  122.000    0.0  8.1
1948  1 27 11 58 28.00 -20.500 -178.000  630.0  7.0
1948  3  1  1 12 28.00  -3.000  127.500   50.0  7.1
1948  3  3  9  9 54.00  18.500  119.000    0.0  7.1
1948  5 11  8 55 41.00 -17.500  -70.250   70.0  7.4
1948  5 25  7 11 21.00  29.500  100.500    0.0  7.2
1948  5 28  5 36 16.00 -13.000  -76.500   60.0  7.0
1948  6 28  7 13 30.00  36.500  136.000    0.0  7.0
1948  7 20 11  2 17.00 -17.000  -75.000   70.0  7.1
1948  9  2 23 34 50.00  10.000  125.500    0.0  7.0
1948  9  8 15  9 11.00 -21.000 -174.000    0.0  8.0
1948 10  5 20 12  5.00  37.500   58.000    0.0  7.2
1948 11 19  1  4 24.00  10.000  -83.500   80.0  7.0
1948 11 26  5 36 37.00  -5.000  145.000   70.0  7.0
1949  2 23 16  8  8.00  41.000   83.500    0.0  7.3
1949  3 27  6 34  5.00   3.500  127.500    0.0  7.1
1949  4 18 21 34 42.00 -15.800 -172.800    0.0  7.0
1949  4 20  3 29  7.00 -38.000  -73.500   70.0  7.1
1949  4 23 11 15 39.00  -8.000  121.000   80.0  7.0
1949  4 25 13 54 59.00 -19.750  -69.000  110.0  7.2
1949  4 30  1 23 32.00   6.500  125.000  130.0  7.3
1949  5  3  5 56 41.00  48.600  153.500   96.0  7.0
1949  5 30  1 32 50.00 -20.800  -69.000   96.0  7.0
1949  6 24 22 38 49.00  -6.200  105.700   65.0  7.0
1949  7 10  3 53 36.00  39.000   70.500    0.0  7.6
1949  7 23 10 26 45.00 -18.500  170.000  150.0  7.2
1949  8 22  4  1 11.00  53.750 -133.250    0.0  8.0
1949 10 19 21  0 19.00  -5.500  154.000   60.0  7.5
1949 12 17  6 53 30.00 -54.000  -71.000    0.0  7.8
1949 12 29  3  3 54.00  18.000  121.000    0.0  7.2
1950  1  2 15 14 35.00 -11.500  165.400    0.0  7.0
1950  2  2 23 33 39.00  22.000  100.000    0.0  7.1
1950  2 28 10 20 57.00  46.000  144.000  340.0  7.5
1950  3 27 21 18 29.00  -5.900  102.900    0.0  7.0
1950  5 25 18 35  7.00  13.000  143.500   90.0  7.1
1950  7  9  4 40  4.00  -8.000  -70.750  650.0  7.0
1950  7  9 16 10 24.00  36.700   70.500  223.0  7.5
1950  7 29 16 46  6.00   2.200  126.900   96.0  7.0
1950  8 14 22 51 24.00 -27.250  -62.500  630.0  7.2
1950  8 15 14  9 30.00  28.500   96.500    0.0  8.6
1950  8 31  7  5 47.00   5.500  126.000   96.0  7.0
1950  9 22 23 53 32.00 -17.600 -177.100  413.0  7.0
1950 10  5 16  9 31.00  11.000  -85.000    0.0  7.8
1950 10  8  3 23  9.00  -3.750  128.250    0.0  7.5
1950 10 23 16 13 20.00  14.500  -91.500    0.0  7.5
1950 11  2 15 27 56.00  -6.500  129.500   50.0  7.4
1950 11  8  2 18 12.00 -10.000  159.500    0.0  7.1
1950 12  2 19 51 49.00 -18.250  167.500   60.0  7.2
1950 12  9 21 38 48.00 -23.500  -67.500  100.0  7.7
1950 12 10  2 50 42.00 -14.250  -75.750   80.0  7.1
1950 12 10 13 23  4.00 -28.000 -178.500  250.0  7.2
1950 12 14 14 15 51.00  17.000  -97.500    0.0  7.3
1951  2 13 22 12 57.00  56.000 -156.000    0.0  7.2
1951  2 17 21  7  7.00  -7.000  146.000  180.0  7.2
1951  3 10 21 57 29.00 -15.000  167.500  130.0  7.2
1951  3 24  0 17 43.00 -10.600  165.500  160.0  7.1
1951  5  6 16 10 52.00  71.500   -9.000    0.0  7.0
1951 10 21 21 34 14.00  23.750  121.500    0.0  7.5
1951 11  6 16 40  5.00  47.750  154.250    0.0  7.2
1951 12  8  4 14 12.00 -34.000   57.000    0.0  7.5
1952  2 14  3 38 12.00  -7.500  126.500    0.0  7.2
1952  3  4  1 22 43.00  42.500  143.000    0.0  8.1
1952  3 19 10 57 12.00   9.500  127.250    0.0  7.7
1952  6 22 21 41 53.00  46.700  153.700    0.0  7.0
1952  7 21 11 52 14.00  35.000 -119.000    0.0  7.3
1952  9 21  2 30 35.00 -21.750  -65.750  260.0  7.1
1952 11  4 16 58 26.00  52.750  159.500    0.0  9.0
1952 11  6 19 47 21.00  -4.600  144.900    0.0  7.1
1952 12  6 10 41 18.00  -8.000  156.500    0.0  7.2
1952 12 24 18 39 38.00  -5.500  152.000    0.0  7.1
1953  2 26 11 42 27.00 -11.200  163.900    0.0  7.1
1953  3 18 19  6 13.00  40.000   27.300    0.0  7.2
1953  3 19  8 27 52.00  14.000  -61.200  128.0  7.1
1953  4 23 16 24 22.00  -4.500  153.300    0.0  7.6
1953  5  6 17 16 50.00 -36.500  -72.600   64.0  7.5
1953  6 25 10 44 56.00  -9.200  123.000    0.0  7.1
1953  7  2  6 56 59.00 -19.000  169.000  223.0  7.4
1953  8 12  9 23 52.00  38.300   20.800    0.0  7.2
1953  9 29  1 36 46.00 -36.900  177.100  287.0  7.0
1953 11  4  3 49  7.00 -13.000  166.400    0.0  7.5
1953 11 25 17 48 54.00  34.000  141.700   33.0  7.9
1953 12  7  2  5 24.00 -22.100  -68.700  128.0  7.2
1953 12 12 17 31 25.00  -3.400  -80.600    0.0  7.5
1954  2 11  0 30 18.00  38.800  101.200   33.0  7.1
1954  2 20 18 35  5.00  -7.200  124.700  540.0  7.0
1954  2 22 12  3 35.00 -56.500  -26.300   96.0  7.0
1954  3 21 23 42 17.00  24.200   95.100  223.0  7.4
1954  3 29  6 17  5.00  37.000   -3.500  603.0  7.0
1954  3 31 18 25 45.00  12.400   57.900    0.0  7.1
1954  4 29 11 34 36.00  29.200 -112.800    0.0  7.1
1954  9 17 11  3 18.00 -21.300 -176.700  223.0  7.0
1954 12 16 11  7 12.00  39.200 -118.000    0.0  7.1
1955  1  5  0 50 18.00 -49.700  162.700    0.0  7.1
1955  2 27 20 43 24.00 -28.300 -175.500    0.0  7.8
1955  3 31 18 17 19.00   8.100  123.200   96.0  7.3
1955  4 14  1 29  0.00  30.000  101.700    0.0  7.5
1955  4 15  3 40 52.00  39.900   74.700    0.0  7.1
1955  5 17 14 49 49.00   6.700   93.700    0.0  7.2
1955  5 30 12 31 43.00  24.200  142.500  572.0  7.1
1955  8  6  8 31 24.00 -21.100 -177.500  287.0  7.0
1955 10 13  9 26 49.00 -10.000  160.700   33.0  7.1
1956  1 31  9 17 12.00  -3.421  152.035  362.1  7.1
1956  2  1 13 41 52.00  18.853  145.060  379.9  7.0
1956  2 18  7 34 24.00  30.173  138.275  480.2  7.1
1956  5 23 20 48 29.00 -15.523 -178.589  402.5  7.2
1956  6  9 23 13 56.00  35.031   67.476   35.0  7.6
1956  7  9  3 11 45.00  36.583   26.041   35.0  7.8
1956  7 16 15  7  8.00  22.085   95.821   25.2  7.1
1956  7 18  6 19 32.00  -5.048  130.358  106.2  7.2
1956 10 11  2 24 37.00  45.904  150.607  101.4  7.3
1956 10 24 14 42 16.00  11.619  -86.436   35.0  7.2
1956 12 27  0 14 11.00 -23.410 -176.882  195.7  7.0
1957  2 23 20 26 17.00  23.866  121.493   50.4  7.2
1957  3  9 14 22 33.00  51.587 -175.419   35.0  8.6
1957  3 22 14 21 13.00  53.695 -165.691   42.4  7.1
1957  4 14 19 18  5.00 -15.397 -173.138   35.0  7.5
1957  4 16  4  4  9.00  -4.514  107.274  601.7  7.2
1957  4 21 21 12 28.00   6.913  -72.053   15.4  7.1
1957  4 25  2 25 41.00  36.355   28.698   35.0  7.1
1957  5 26  6 33 35.00  40.669   31.038   17.2  7.2
1957  6 22 23 50 30.00  -2.009  136.684   35.0  7.3
1957  6 27  0  9 32.00  56.419  116.440   15.0  7.4
1957  7  2  0 42 28.00  36.069   52.695   35.0  7.1
1957  7 14  6 24  1.00 -27.139 -177.741  200.6  7.0
1957  7 28  8 40 10.00  16.886  -99.288   41.2  7.8
1957  9 24  8 21 12.00   5.245  127.123   35.0  7.7
1957  9 28 14 20  2.00 -20.693 -178.157  586.6  7.2
1957 11 29 22 19 42.00 -20.537  -67.229  158.8  7.4
1957 12  4  3 37 51.00  45.182   99.219   25.0  8.1
1957 12 17 13 50 22.00 -12.473  166.672  124.2  7.2
1958  1 15 19 14 30.00 -16.781  -72.492   69.0  7.0
1958  1 19 14  7 24.00   0.985  -79.492   18.7  7.8
1958  3 11  0 25 53.00  23.812  124.163   35.0  7.2
1958  4  7 15 30 44.00  65.895 -156.343   15.0  7.3
1958  5 31 19 32 34.00 -15.324  168.545   11.5  7.1
1958  7 10  6 15 58.00  58.475 -136.283   15.0  7.8
1958  7 26 17 37 14.00 -13.285  -69.410  614.7  7.2
1958 11  6 22 58  9.00  44.311  148.650   35.0  8.4
1959  1 22  5 10 31.00  37.557  142.480   32.1  7.2
1959  3  1 16 49 14.00  -0.990  134.172   43.5  7.0
1959  4 26 20 40 37.00  24.682  122.766  117.8  7.5
1959  5  4  7 15 46.00  53.370  159.663   35.0  8.0
1959  5 24 19 17 41.00  17.456  -97.179   69.6  7.0
1959  6 14  0 11 57.00 -20.275  -68.827   35.0  7.5
1959  7 19 15  6 16.00 -15.087  -70.331  210.1  7.1
1959  8 15  8 57  5.00  21.978  120.950   26.8  7.2
1959  8 17 21  4 49.00  -7.893  156.341   35.0  7.1
1959  8 18  6 37 19.00  44.566 -110.655   15.0  7.3
1959  9 14 14  9 46.00 -28.725 -177.075   35.0  7.8
1959  9 15 11  5 37.00 -22.053 -179.323  585.5  7.1
1959 11 19 11  8 49.00  -5.910  146.493  128.2  7.0
1960  1 13 15 40 22.00 -15.877  -73.059   35.0  7.5
1960  3  8 16 33 41.00 -17.015  168.706  244.2  7.2
1960  3 20 17  7 33.00  39.854  143.398   35.0  7.8
1960  5 22 19 11 17.00 -38.294  -73.054   35.0  9.6
1960 11 20 22  2  0.00  -6.704  -80.620   35.0  7.8
1960 11 24  6 52 47.00 -24.710 -176.379   36.0  7.1
1960 12 13  7 36 17.00 -52.040  160.980   15.0  7.2
1961  1  5 15 54  4.00  -4.226  143.206  141.1  7.1
1961  2 26 18 10 51.00  31.592  131.513   36.7  7.7
1961  3 28  9 36  5.00   0.054  123.631  138.9  7.3
1961  7 23 21 51 10.00 -18.418  168.402   35.0  7.3
1961  8 31  1 57  9.00 -10.339  -70.997  600.7  7.3
1961  9  1  0  9 38.00 -59.260  -26.582  129.6  7.2
1961  9  8 11 26 32.00 -56.254  -27.278  103.9  7.6
1962  3 17 20 47 33.00  10.809  -43.308   15.0  7.0
1962  4 26  7 26 26.00 -17.864 -178.694  550.6  7.5
1962  5 11 14 11 55.00  17.180  -99.642   35.0  7.3
1962  5 21 21 15 40.00 -20.004 -177.378  437.5  7.5
1962  7 26  8 14 45.00   7.494  -82.780   23.6  7.2
1962  8  3  8 56 18.00 -23.287  -68.012  113.0  7.2
1962 12  8 21 27 20.00 -25.817  -63.277  588.9  7.2
1963  2 13  8 50  4.00  24.355  122.055   35.0  7.3
1963  2 26 20 14 11.00  -7.575  146.219  181.2  7.3
1963  3 16  8 44 52.00  46.617  154.893   35.0  7.2
1963  3 24 12 44  0.00  34.400   47.900   40.0  7.2
1963  3 26  9 48 20.00 -30.113 -177.535   35.0  7.4
1963  3 31  2 27  6.00  37.000   57.900   33.0  7.0
1963  4 16  1 29 23.00  -1.136  128.005   34.5  7.2
1963  8 15 17 25  8.00 -13.717  -69.321  549.7  7.7
1963  9 15  0 46 54.00 -10.473  165.764   35.0  7.5
1963 10 13  5 17 55.00  44.763  149.801   26.0  8.6
1963 11  4  1 17  5.00  -6.735  129.685   35.0  7.8
1963 11  9 21 15 30.00  -8.983  -71.539  577.1  7.7
1963 12 15 19 34 48.00  -4.768  108.056  666.9  7.1
1963 12 18  0 30  2.00 -24.777 -176.510   35.0  7.7
1964  2  6 13  7 22.00  55.641 -156.070    3.7  7.1
1964  3 28  3 36 12.00  61.019 -147.626    6.3  9.2
1964  4 23  3 32 48.00  -5.421  133.937    5.9  7.1
1964  5 26 10 59 12.00 -56.245  -27.631  116.4  7.5
1964  6 16  4  1 40.00  38.438  139.225   10.2  7.6
1964  7  6  7 22 12.00  18.193 -100.509   92.4  7.2
1964  8 13  0 31 15.00  -5.492  154.277  385.7  7.0
1964 10 18 12 32 25.00  -7.183  123.808  581.7  7.0
1964 11 17  8 15 41.00  -5.751  150.729   50.5  7.1
1965  1 24  0 11 17.00  -2.453  125.963   28.6  8.2
1965  2  4  5  1 21.00  51.210  178.498   28.8  8.7
1965  3 14 15 53  7.00  36.401   70.713  209.5  7.5
1965  3 28 16 33 16.00 -32.490  -71.210   71.0  7.4
1965  5 20  0 40 12.00 -14.643  167.504    9.7  7.6
1965  8 23 19 46  1.00  16.176  -95.846   10.5  7.4
1965  9 12 22  2 35.00  -6.477   70.745   29.4  7.0
1965  9 17 16 21 21.00  36.335  141.333   42.6  7.1
1965 11 13  4 33 54.00  43.842   87.754   51.1  7.0
1966  3  6  2 15 58.00  31.452   80.468   41.1  7.0
1966  3 12 16 31 19.00  24.308  122.694   27.5  7.4
1966  3 20  1 42 51.00   0.845   29.867   15.0  7.2
1966  6  7 13 59 37.00  11.303  139.637   49.3  7.1
1966  6 15  1 32 53.00 -10.110  161.029   13.0  7.3
1966  6 22 20 29  6.00  -7.256  124.646  526.8  7.0
1966  8  1 21  2 57.00  30.048   68.630    7.4  7.0
1966  9  8 21 15 52.00   2.353  128.385   81.0  7.2
1966 10 17 21 41 57.00 -10.799  -78.680   34.3  8.2
1966 10 19  8  1 33.00  -1.583  -15.390   19.5  7.0
1966 12 28  8 18  7.00 -25.502  -70.656   30.0  7.7
1966 12 31 18 23 11.00 -11.892  166.443   82.7  7.3
1967  1  5  0 14 39.00  48.201  102.921   14.3  7.0
1967  2  9 15 24 47.00   2.890  -74.801   41.4  7.2
1967  2 15 16 11 12.00  -9.120  -71.326  600.9  7.0
1967  3 13 16  6 53.00 -40.192  -74.840   23.6  7.3
1967  3 19  4  1 35.00  45.626  151.199    8.1  7.0
1967  7 22 16 56 55.00  40.629   30.740    4.4  7.4
1967  8 30  4 22  4.00  31.630  100.232    7.3  7.0
1967 10  9 17 21 49.00 -21.295 -179.063  636.4  7.3
1967 11 23  8 35 53.00  14.446   51.982   12.3  7.0
1967 12 21  2 25 24.00 -21.861  -69.947   44.7  7.4
1967 12 27  9 17 54.00 -21.211  -68.184  116.3  7.0
1968  2 12  5 44 43.00  -5.503  153.401   23.4  7.4
1968  2 19 22 45 43.00  39.371   24.942    8.9  7.2
1968  2 26 10 50 17.00  22.762  121.414   16.5  7.2
1968  4  1  0 42  4.00  32.484  132.193   29.4  7.5
1968  5 16  0 49  0.00  40.901  143.346   26.0  8.3
1968  5 20 21  9 45.00  44.796  150.357   28.1  7.1
1968  5 23 17 24 20.00 -41.743  172.123   46.8  7.2
1968  5 28 13 27 20.00  -2.920  139.409   63.8  7.2
1968  7 25  7 23  9.00 -30.810 -178.144   64.7  7.1
1968  8  1 20 19 24.00  16.383  122.078   52.1  7.7
1968  8  2 14  6 46.00  16.492  -97.770   49.2  7.3
1968  8  3  4 54 35.00  25.649  128.469   29.2  7.1
1968  8 10  2  7  4.00   1.422  126.259   19.3  7.6
1968  8 14 22 14 20.00   0.064  119.690   17.3  7.3
1968  8 18 18 38 31.00 -10.205  159.956  542.9  7.3
1968  8 31 10 47 40.00  34.037   58.962   11.8  7.2
1968  9 16 13 55 36.00  -6.032  148.742   43.3  7.0
1968 10  7 19 20 21.00  26.290  140.685  518.9  7.3
1968 10 23 21  4 42.00  -3.373  143.319    9.7  7.1
1969  1  5 13 26 43.00  -7.991  158.968   62.8  7.3
1969  1 30 10 29 42.00   4.764  127.436   73.8  7.1
1969  2 10 22 58  5.00 -22.798  178.793  659.2  7.2
1969  2 11 22  8 53.00  41.424   79.238   13.1  7.1
1969  2 11 22 16 12.00  -6.788  126.685  426.8  7.2
1969  2 28  2 40 33.00  35.918  -10.578   21.3  7.8
1969  5 14 19 32 55.00  51.279 -179.855   17.0  7.0
1969  7 18  5 24 46.00  38.418  119.452   10.9  7.2
1969  8 11 21 27 37.00  43.477  147.815   45.6  8.2
1969  8 17 20 14 59.00  24.844 -109.686   32.0  7.2
1969 11 21  2  5 35.00   1.972   94.573   10.3  7.6
1969 11 22 23  9 35.00  57.729  163.595    9.2  7.8
1969 12 25 21 32 29.00  15.727  -59.648   11.2  7.2
1970  1  4 17  0 40.00  24.148  102.462   14.1  7.2
1970  1  8 17 12 42.00 -34.884  178.851  207.6  7.0
1970  1 10 12  7  8.00   6.786  126.687   59.7  7.3
1970  1 20  7 19 48.00 -25.865 -177.173   45.0  7.2
1970  4 20 10 39 13.00 -18.805  169.374  246.0  7.0
1970  4 29 14  1 21.00  14.458  -92.764   50.0  7.3
1970  5 31 20 23 32.00  -9.248  -78.842   73.2  7.5
1970  6 11 16 46 33.00 -59.419  159.225   15.0  7.3
1970  6 15 11 14 50.00 -54.369  -64.110    3.7  7.0
1970  7 31 17  8  6.00  -1.486  -72.556  644.8  7.5
1970  8 11 10 22 23.00 -14.097  166.570   39.7  7.5
1970  8 30 17 46 10.00  52.349  151.616  649.5  7.3
1970 10 31 17 53  7.00  -4.907  145.469    8.3  7.3
1970 12  2 15 54 17.00 -11.005  163.493    2.7  7.0
1970 12 10  4 34 39.00  -4.079  -80.660   19.5  7.1
1971  1  3 17 35 41.00 -55.639   -2.466   27.0  7.1
1971  1 10  7 17  7.00  -3.233  139.743   55.2  7.7
1971  2  4 15 33 33.00   0.551   98.665   59.9  7.1
1971  2  8 21  4 20.00 -63.419  -61.412   14.7  7.0
1971  5  2  6  8 25.00  51.433 -177.246   19.5  7.1
1971  5 18 22 44 42.00  63.923  146.108    8.5  7.0
1971  6 17 21  0 41.00 -25.423  -69.051   90.3  7.2
1971  7  9  3  3 19.00 -32.558  -71.085   59.0  7.8
1971  7 26  1 23 22.00  -4.889  153.182   37.0  8.1
1971  7 27  2  2 46.00  -2.827  -77.360   93.6  7.3
1971  8  2  7 24 58.00  41.378  143.456   54.0  7.2
1971  8  5  1 58 51.00  -0.929  -22.085   22.1  7.0
1971  9  5 18 35 28.00  46.557  141.189   17.4  7.3
1971 11 24 19 35 31.00  52.811  159.174  116.2  7.4
1972  1 25  2  6 21.00  22.550  122.325   10.0  7.5
1972  2 14 23 29 53.00 -11.432  166.408  106.4  7.3
1972  2 29  9 23  1.00  33.375  140.881   58.7  7.5
1972  3 30  5 34 52.00 -25.744  179.632  496.2  7.3
1972  4 25 19 30  8.00  13.388  120.312   29.7  7.2
1972  5 22 20 45 57.00 -17.830 -175.014  224.6  7.2
1972  6 11 16 41  3.00   3.861  124.230  329.5  7.8
1972  7 30 21 45 13.00  56.695 -136.096    7.7  7.6
1972 11  2 19 55 24.00 -20.035  169.007   38.6  7.0
1972 12  2  0 19 54.00   6.461  126.654   82.7  7.4
1973  1 30 21  1 12.00  18.455 -102.961   37.3  7.5
1973  2  6 10 37 10.00  31.361  100.503    5.9  7.7
1973  2 28  6 37 49.00  50.484  156.624   59.9  7.2
1973  3 17  8 30 51.00  13.400  122.794   45.0  7.5
1973  6 17  3 55  2.00  43.223  145.741   43.6  7.7
1973  8 28  9 50 40.00  18.233  -96.607   80.5  7.2
1973  9 29  0 44  0.00  41.906  130.976  569.9  7.0
1973 10  6 15  7 37.00 -60.950  -21.628   15.0  7.5
1973 12 28 13 41 45.00 -14.509  166.776   23.5  7.8
1974  7  2 23 26 26.00 -29.152 -175.817    3.7  7.3
1974  7 13  1 18 22.00   7.737  -77.630    3.0  7.3
1974  7 30  5 12 40.00  36.369   70.734  210.2  7.4
1974  8 11  1 13 55.00  39.377   73.800    2.8  7.3
1974 10  3 14 21 29.00 -12.253  -77.523   35.8  7.6
1974 10  8  9 50 58.00  17.349  -61.976   21.3  7.5
1974 10 16  5 45  9.00  52.598  -32.036   28.1  7.3
1974 10 23  6 14 54.00  -8.446  154.142   35.1  7.2
1975  2  2  8 43 39.00  53.033  173.594   13.1  7.6
1975  2  4 11 36  7.00  40.665  122.646   15.8  7.0
1975  5 10 14 27 38.00 -38.214  -73.001   29.5  7.8
1975  5 26  9 11 51.00  35.971  -17.646    4.2  8.1
1975  7 10 18 29 16.00   6.517  126.625   78.1  7.0
1975  7 20 14 37 39.00  -6.612  155.095   61.1  7.9
1975 10  1  3 29 58.00  -4.862  102.150   38.2  7.0
1975 10 11 14 35 15.00 -24.906 -175.111   20.8  7.8
1975 10 31  8 28  2.00  12.537  125.999   51.1  7.6
1975 11  1  1 17 33.00  13.850  144.811  108.0  7.1
1975 11 29 14 47 40.00  19.452 -155.034    2.1  7.2
1975 12 26 15 56 38.00 -16.241 -172.364   15.0  7.8
1976  1 14 16 47 33.00 -29.112 -177.396   35.8  7.9
1976  2  4  9  1 43.00  15.298  -89.145   12.7  7.5
1976  6 20 20 53 13.00   3.437   96.254   15.3  7.0
1976  6 25 19 18 56.00  -4.524  140.104    2.8  7.1
1976  7 27 19 42 54.00  39.605  117.889   16.9  7.6
1976  8 16 16 11  7.00   6.292  124.091   58.5  8.0
1976 11 24 12 22 18.00  39.083   44.030    9.2  7.0
1976 11 30  0 40 57.00 -20.548  -68.874   74.4  7.5
1977  3  4 19 21 54.00  45.777   26.704   88.6  7.5
1977  3 18 21 43 52.00  16.749  122.273   42.5  7.2
1977  4 21  4 24  9.00 -10.007  160.811   43.4  7.3
1977  6 22 12  8 33.00 -22.908 -175.749   64.2  8.0
1977  8 19  6  8 55.00 -11.125  118.380   20.9  8.3
1977  8 26 19 50  1.00 -59.566  -20.512   11.6  7.2
1977  8 27  7 12 22.00  -8.137  125.326   44.4  7.0
1977 10 17 17 26 40.00 -27.991  173.211   32.3  7.0
1977 11 23  9 26 24.00 -31.080  -67.778   17.1  7.4
1978  3  7  2 48 39.00  31.908  137.566  438.1  7.1
1978  3 23  3 14 23.00  44.358  149.118    7.4  7.6
1978  6 12  8 14 26.00  38.223  142.022   52.7  7.6
1978  6 14 12 32 33.00   8.286  122.394   31.9  7.0
1978  7 23 14 42 36.00  22.240  121.418   37.8  7.2
1978  9 16 15 35 56.00  33.238   57.382    2.8  7.4
1978 11  4 22 29 22.00 -11.333  162.244   41.6  7.0
1978 11 29 19 52 47.00  16.010  -96.602   24.4  7.8
1978 12  6 14  2  1.00  44.557  146.588  145.0  7.8
1978 12 23 11 23 12.00  23.226  122.024   41.6  7.0
1979  2 16 10  8 53.00 -16.538  -72.553   55.4  7.1
1979  2 28 21 27  6.00  60.657 -141.658   24.1  7.5
1979  3 14 11  7 16.00  17.759 -101.223   24.4  7.4
1979  4 10  1 42 22.00   2.987  126.965   39.5  7.0
1979  5  1 13  3 37.00 -21.264  169.874   94.6  7.4
1979  7 24 19 31 19.00 -11.186  107.634   12.5  7.0
1979  9 12  5 17 51.00  -1.686  135.969   20.4  7.5
1979 10 12 10 25 22.00 -46.693  165.825    6.5  7.3
1979 10 17  5 43  2.00  18.518  145.413  590.0  7.0
1979 11 23 23 40 29.00   4.794  -76.188  107.8  7.2
1979 11 27 17 10 32.00  34.058   59.758    6.9  7.0
1979 12 12  7 59  3.00   1.602  -79.363   24.3  8.1
1980  4 13 18  4 31.00 -23.593 -177.224  148.7  7.6
1980  7 16 19 56 46.00  -4.434  143.579   86.3  7.3
1980  7 17 19 42 23.00 -12.481  166.004   32.3  7.7
1980 10 10 12 25 23.00  36.141    1.401   12.4  7.1
1980 10 24 14 53 35.00  18.176  -98.235   64.8  7.1
1980 11  8 10 27 34.00  41.110 -124.300   17.3  7.3
1981  1 30  8 52 44.00  51.835  176.184   36.7  7.0
1981  5 25  5 25 14.00 -48.716  164.654   10.7  7.6
1981  7  6  3  8 24.00 -22.250  171.814   30.0  7.5
1981  7 15  7 59  8.00 -17.272  167.689   11.3  7.1
1981  7 28 17 22 24.00  29.986   57.772   13.7  7.2
1981  9  1  9 29 31.00 -15.111 -173.021   17.1  7.5
1981 10 16  3 25 42.00 -33.196  -73.054   31.7  7.1
1981 10 25  3 22 15.00  18.122 -101.996   20.3  7.2
1981 12 26 17  5 32.00 -29.936 -177.655   21.4  7.0
1982  1  3 14  9 50.00  -0.987  -21.869   19.5  7.1
1982  1 11  6 10  6.00  13.833  124.337   31.7  7.1
1982  5  7  5 38 34.00 -60.703  -20.967   11.3  7.0
1982  6 19  6 21 58.00  13.338  -89.313   72.8  7.3
1982  6 22  4 18 40.00  -7.364  126.051  460.0  7.4
1982  6 30  1 57 34.00  44.721  151.116   19.8  7.1
1982  7  7 10 43  3.00 -51.303  160.668   15.0  7.2
1982  7 23 14 23 53.00  36.302  141.778   24.0  7.0
1982 12 19 17 43 54.00 -24.194 -175.576   32.9  7.5
1983  1 26 16  2 21.00 -30.450 -179.214  230.0  7.0
1983  3 18  9  5 50.00  -4.886  153.586   90.7  7.7
1983  4  3  2 50  1.00   8.716  -83.129   57.0  7.4
1983  4  4  2 51 34.00   5.720   94.689   93.7  7.0
1983  4 12 12  7 54.00  -4.847  -78.091  126.0  7.0
1983  5 26  2 59 59.00  40.473  139.092   15.1  7.7
1983  8 17 10 55 54.00  55.786  161.317   92.7  7.0
1983 10  4 18 52 13.00 -26.541  -70.504   24.2  7.6
1983 10 22  4 21 35.00 -60.685  -25.495    4.6  7.0
1983 11 24  5 30 34.00  -7.512  128.108  195.5  7.4
1983 11 30 17 46  0.00  -6.840   72.062   10.4  7.7
1983 12  2  3  9  5.00  14.056  -91.913   35.0  7.0
1983 12 30 23 52 39.00  36.386   70.712  214.7  7.4
1984  1  1  9  3 38.00  33.655  136.794  386.2  7.1
1984  2  7 21 33 21.00  -9.965  160.568    8.5  7.5
1984  3  5  3 33 50.00   8.145  123.754  655.0  7.2
1984  3  6  2 17 21.00  29.377  138.876  460.3  7.4
1984  3 19 20 28 38.00  40.342   63.331   15.0  7.0
1984  3 24  9 44  2.00  44.171  148.163   37.9  7.1
1984  5 30  7 49 43.00  -4.836  151.594  171.3  7.1
1984  8  6 12  1 52.00  -0.076  122.424  243.5  7.4
1984 10 15 10 21  7.00 -15.866 -173.556  127.0  7.1
1984 11  1  4 48 50.00   8.155  -38.805   11.7  7.0
1984 11 15  2 46 19.00 -22.037  171.018  125.9  7.0
1984 11 17  6 49 30.00   0.179   97.956   28.2  7.1
1984 11 20  8 15 16.00   5.124  125.112  180.0  7.5
1985  3  3 22 46 56.00 -33.165  -71.872   31.0  7.9
1985  5 10 15 35 50.00  -5.596  151.061   46.6  7.2
1985  9 19 13 17 47.00  18.455 -102.368   20.2  8.0
1985 11 17  9 40 21.00  -1.668  134.943   10.2  7.1
1985 12 21  1 13 22.00 -14.012  166.632   43.6  7.1
1986  1 15 20 17 31.00 -21.459  170.437  140.0  7.0
1986  5  7 22 47 10.00  51.555 -174.811   20.0  7.9
1986  5 26 19  6 15.00 -20.215  178.951  540.7  7.1
1986  6 16 10 48 25.00 -21.985 -178.868  559.5  7.0
1986  6 24  3 11 30.00  -4.441  144.010  123.4  7.2
1986  8 14 19 39 13.00   1.804  126.482   30.3  7.5
1986  8 30 21 28 35.00  45.524   26.269  135.8  7.2
1986 10 20  6 46  9.00 -28.157 -176.294   30.0  7.7
1986 10 30  1 28 54.00 -21.672 -176.551  189.5  7.1
1986 11 14 21 20 10.00  23.976  121.723   25.0  7.3
1987  1 30 22 29 42.00 -60.157  -27.012    8.3  7.0
1987  2  8 18 33 58.00  -6.023  147.665   41.9  7.3
1987  3  5  9 17  5.00 -24.396  -70.099   46.4  7.5
1987  3  6  4 10 41.00   0.083  -77.786   18.3  7.1
1987  6 17  1 32 53.00  -5.586  130.844   84.8  7.1
1987  8  8 15 48 56.00 -19.092  -70.006   71.2  7.2
1987  9  3  6 40 13.00 -58.936  158.508   15.0  7.4
1987 10  6  4 19  6.00 -17.976 -172.168   22.3  7.2
1987 10 12 13 57  4.00  -7.269  154.423   28.1  7.0
1987 10 16 20 48  1.00  -6.217  149.118   30.0  7.3
1987 11 30 19 23 19.00  58.830 -142.602   15.0  7.8
1988  2 24  3 52  3.00  13.466  124.552   40.0  7.2
1988  4 12 23 19 55.00 -17.254  -72.255   30.2  7.1
1988  8  6  0 36 24.00  25.090   95.107   90.1  7.2
1988  8 10  4 38 26.00 -10.322  160.928   34.0  7.5
1988 11  6 13  3 19.00  22.869   99.571   22.8  7.0
1989  5  5 18 28 39.00  -8.313  -71.402  593.2  7.1
1989  5 23 10 54 46.00 -52.507  160.596    1.7  8.0
1989  9  4 13 14 58.00  55.591 -156.864    6.2  7.0
1989 11  1 18 25 34.00  39.915  142.785   29.3  7.4
1989 12 15 18 43 45.00   8.366  126.687   24.0  7.5
1990  3  3 12 16 27.00 -21.956  175.258   35.8  7.6
1990  3  5 16 38 12.00 -18.319  168.157   23.6  7.0
1990  3 25 13 22 55.00   9.940  -84.775   22.1  7.3
1990  4  5 21 12 35.00  15.157  147.609   23.1  7.4
1990  4 18 13 39 19.00   1.195  122.815   37.4  7.6
1990  5 12  4 50  8.00  48.985  141.865  613.3  7.2
1990  5 20  2 22  1.00   5.113   32.178    7.3  7.1
1990  5 24 20  9 23.00  -7.363  120.347  587.5  7.0
1990  6 14  7 40 56.00  11.390  122.045   17.8  7.1
1990  6 20 21  0  9.00  37.008   49.213   18.0  7.4
1990  7 16  7 26 34.00  15.723  121.180   23.8  7.7
1990  7 27 12 37 59.00 -15.330  167.541  127.0  7.2
1990 11  6 20 14 29.00  53.491  169.819   25.9  7.1
1990 12 30 19 14 18.00  -5.093  151.022  187.8  7.4
1991  4 22 21 56 51.00   9.672  -83.072   13.2  7.6
1991  4 29  9 12 48.00  42.434   43.673    7.0  7.0
1991  6 23 21 22 28.00 -26.776  -63.270  562.1  7.2
1991  8 17 22 17 14.00  41.748 -125.586    6.7  7.0
1991 10 14 15 58 12.00  -9.051  158.555   38.3  7.2
1991 11 19 22 28 51.00   4.549  -77.358   25.0  7.2
1991 12 22  8 43 13.00  45.591  151.035   24.7  7.6
1991 12 27  4  5 58.00 -55.973  -25.058   22.2  7.1
1992  4 25 18  6  4.00  40.350 -124.068   18.5  7.2
1992  5 15  7  5  5.00  -6.064  147.618   65.7  7.2
1992  5 27  5 13 38.00 -11.077  165.290   19.8  7.0
1992  6 28 11 57 34.00  34.184 -116.532   11.1  7.3
1992  7 11 10 44 19.00 -22.471 -178.324  388.8  7.2
1992  8 19  2  4 37.00  42.110   73.607   13.0  7.2
1992  9  2  0 16  1.00  11.727  -87.386   39.9  7.6
1992 10 11 19 24 26.00 -19.260  169.025  135.8  7.4
1992 10 18 15 11 59.00   7.094  -76.763    3.3  7.1
1992 12 12  5 29 26.00  -8.495  121.833   33.1  7.7
1992 12 20 20 52 47.00  -6.594  130.404   76.0  7.2
1993  1 15 11  6  1.00  43.022  144.194   94.9  7.6
1993  3  6  3  5 49.00 -10.911  164.270   23.3  7.1
1993  5 24 23 51 20.00 -23.358  -66.589  213.8  7.0
1993  6  8 13  3 36.00  51.195  157.755   60.5  7.5
1993  7 12 13 17 11.00  42.899  139.245   12.0  7.7
1993  8  8  8 34 24.00  12.999  144.872   57.1  7.7
1993  8  9 12 42 48.00  36.327   70.874  210.6  7.0
1993  9 10 19 12 54.00  14.762  -92.644   34.1  7.2
1993 12 29  7 48 14.00 -20.243  169.924   16.6  7.0
1994  3  9 23 28  6.00 -17.971 -178.357  564.2  7.6
1994  3 14  4 30  7.00  -0.964  -24.065    9.5  7.0
1994  6  2 18 17 34.00 -10.409  112.935   34.3  7.8
1994  6  9  0 33 16.00 -13.877  -67.532  635.4  8.2
1994  7 13  2 35 56.00 -16.597  167.537   34.5  7.2
1994  7 21 18 36 31.00  42.314  132.871  472.3  7.3
1994  9  1 15 15 53.00  40.381 -125.776   10.1  7.0
1994 10  4 13 22 55.00  43.832  147.332   33.3  8.3
1994 11 14 19 15 30.00  13.540  121.059   28.2  7.1
1994 12 28 12 19 23.00  40.538  143.439   16.2  7.7
1995  2  5 22 51  5.00 -37.824  178.879   40.7  7.1
1995  4  7 22  6 56.00 -15.337 -173.431   32.5  7.3
1995  4 21  0 34 46.00  12.100  125.447   34.6  7.1
1995  5 16 20 12 44.00 -22.938  169.995   18.8  7.7
1995  5 27 13  3 52.00  52.602  142.825   17.5  7.0
1995  7  3 19 50 50.00 -29.400 -177.445   40.5  7.1
1995  7 30  5 11 23.00 -23.336  -70.265   40.5  8.0
1995  8 16 10 27 28.00  -5.784  154.286   15.7  7.7
1995  8 23  7  6  2.00  18.818  145.295  607.3  7.0
1995  9 14 14  4 31.00  16.852  -98.614   27.9  7.3
1995 10  3  1 51 23.00  -2.785  -77.822   23.6  7.0
1995 10  9 15 35 53.00  19.052 -104.208   25.6  8.0
1995 10 18 10 37 26.00  28.073  130.277   31.6  7.1
1995 10 21  2 38 57.00  16.829  -93.466  161.7  7.2
1995 11 22  4 15 11.00  28.761   34.806   12.5  7.2
1995 12 25  4 43 24.00  -6.920  129.202  144.9  7.1
1996  1  1  8  5 10.00   0.707  119.902   25.2  7.9
1996  2 17  5 59 30.00  -0.919  136.975   35.9  8.2
1996  2 21 12 51  1.00  -9.708  -79.845   15.0  7.5
1996  2 25  3  8 15.00  15.934  -98.110   18.3  7.1
1996  4 16  0 30 54.00 -24.277 -176.904  109.6  7.1
1996  6 10  4  3 35.00  51.593 -177.588   28.7  7.9
1996  6 17 11 22 18.00  -7.146  122.512  590.9  7.8
1996  8  5 22 38 22.00 -20.800 -178.232  556.6  7.4
1996 11 12 16 59 44.00 -14.960  -75.563   16.9  7.7
1997  1 23  2 15 22.00 -22.044  -65.663  268.6  7.1
1997  2 27 21  8  2.00  29.945   68.189   24.2  7.1
1997  4 21 12  2 26.00 -12.562  166.796   28.0  7.7
1997  5 10  7 57 29.00  33.833   59.797   12.1  7.2
1997  5 25 23 22 33.00 -32.255  179.928  340.8  7.1
1997 10 14  9 53 18.00 -22.256 -176.627  163.4  7.7
1997 10 15  1  3 33.00 -30.891  -71.154   62.3  7.1
1997 10 28  6 15 17.00  -4.355  -76.599  112.0  7.2
1997 11  8 10  2 52.00  35.106   87.369   24.0  7.5
1997 11 15 18 59 24.00 -15.113  167.438  126.9  7.0
1997 11 25 12 14 33.00   1.204  122.485   24.0  7.0
1997 12  5 11 26 54.00  54.797  162.003   36.9  7.8
1997 12 22  2  5 50.00  -5.558  147.877  191.3  7.1
1998  3 25  3 12 25.00 -62.901  149.607   20.1  8.1
1998  3 29 19 48 16.00 -17.714 -178.912  538.3  7.1
1998  4  1 17 56 23.00  -0.564   99.195   32.0  7.0
1998  5  3 23 30 21.00  22.432  125.373   23.9  7.4
1998  7 17  8 49 13.00  -2.975  142.692   10.0  7.0
1998  8  4 18 59 20.00  -0.595  -80.310   25.9  7.1
1998 11  9  5 38 44.00  -6.976  128.928   31.1  7.0
1998 11 29 14 10 31.00  -1.939  124.818   20.5  7.7
1999  1 19  3 35 33.00  -4.553  153.406   75.0  7.0
1999  3  4  8 52  1.00   5.421  121.875   28.6  7.1
1999  4  5 11  8  4.00  -5.600  149.650  138.0  7.4
1999  4  8 13 10 34.00  43.616  130.339  574.2  7.1
1999  5 10 20 33  2.00  -5.158  150.975  124.0  7.0
1999  5 16  0 51 20.00  -4.709  152.612   46.0  7.0
1999  8 17  0  1 39.00  40.747   29.938   17.0  7.6
1999  9 20 17 47 18.00  23.789  120.954   31.3  7.6
1999  9 30 16 31 15.00  16.045  -96.869   40.0  7.4
1999 10 16  9 46 44.00  34.515 -116.435    5.1  7.1
1999 11 26 13 21 15.00 -16.393  168.314   24.3  7.4
1999 12  6 23 12 33.00  57.346 -154.519   58.5  7.0
1999 12 11 18  3 36.00  15.758  119.758   43.5  7.2
2000  1  8 16 47 20.00 -16.940 -174.090  155.0  7.2
2000  2 25  1 43 58.00 -19.500  173.970   14.0  7.1
2000  3 28 11  0 22.00  22.260  143.680  102.0  7.6
2000  5 12 18 43 18.00 -23.750  -66.770  225.0  7.2
2000  6  4 16 28 26.00  -4.760  102.030   34.1  7.9
2000  6 18 14 44 13.00 -13.870   97.300    8.2  7.9
2000  8  6  7 27 12.00  28.820  139.600  395.0  7.3
2000 11 16  4 54 56.00  -3.990  152.260   27.6  8.0
2000 12  6 17 11  6.00  39.530   54.800   30.0  7.0
2001  1  1  6 57  4.00   6.880  126.690   36.0  7.4
2001  1  9 16 49 28.00 -14.940  167.290  103.0  7.0
2001  1 13 17 33 32.00  13.070  -88.700   38.0  7.7
2001  1 26  3 16 40.00  23.400   70.280   16.0  7.6
2001  2 24  7 23 48.00   1.330  126.270   35.0  7.0
2001  6  3  2 41 57.00 -29.800 -178.460  187.0  7.1
2001  6 23 20 33 14.00 -16.380  -73.500   32.0  8.4
2001  8 21  6 52  6.00 -36.810 -179.660   58.0  7.1
2001 10 12 15  2 16.00  12.750  145.040   37.0  7.0
2001 10 19  3 28 44.00  -4.110  123.930   29.0  7.4
2001 11 14  9 26 10.00  35.880   90.580   15.0  7.8
2001 12 12 14  2 35.00 -42.830  124.650   15.8  7.1
2002  1  2 17 22 48.00 -17.590  167.970   21.0  7.2
2002  3  3 12  8 19.00  36.420   70.460  204.9  7.3
2002  3  5 21 16  9.00   6.020  124.210   31.0  7.5
2002  6 28 17 19 30.00  43.760  130.680  566.0  7.3
2002  8 19 11  1  1.00 -21.720 -179.360  580.0  7.6
2002  8 19 11  8 24.00 -23.920  178.530  675.0  7.7
2002  9  8 18 44 23.00  -3.260  142.940   13.0  7.6
2002 10 10 10 50 20.00  -1.700  134.230   16.0  7.5
2002 11  3 22 12 41.00  63.540 -147.730   19.0  7.9
2002 11 17  4 53 53.00  47.950  146.390  459.0  7.3
2003  1 20  8 43  6.00 -10.490  160.880   21.0  7.3
2003  1 22  2  6 34.00  18.900 -104.060   24.0  7.5
2003  5 26  9 24 33.00  38.860  141.500   68.0  7.0
2003  6 20  6 19 38.00  -7.640  -71.670  553.0  7.0
2003  7 15 20 27 50.00  -2.660   68.330   10.0  7.5
2003  8  4  4 37 20.00 -60.570  -43.500   22.0  7.6
2003  8 21 12 12 49.00 -45.200  167.140   28.0  7.2
2003  9 25 19 50  6.00  41.860  143.870   27.0  8.3
2003  9 27 11 33 25.00  50.030   87.810   12.3  7.3
2003 11 17  6 43  6.00  51.120  178.650   29.9  7.8
2003 12 27 16  0 59.00 -21.970  169.860   18.0  7.3
2004  2  7  2 42 35.00  -4.050  135.050   20.0  7.3
2004  7 15  4 27 14.00 -17.830 -178.650  566.0  7.1
2004  7 25 14 35 19.00  -2.520  103.920  580.9  7.3
2004  9  5 14 57 18.00  33.200  137.090   14.0  7.4
2004 11 11 21 26 41.00  -8.180  124.710   13.0  7.5
2004 11 15  9  6 56.00   4.720  -77.470   15.0  7.2
2004 11 22 20 26 23.00 -46.700  164.820   24.0  7.1
2004 12 23 14 59  4.00 -49.330  161.420    3.5  8.1
2004 12 26  0 58 53.00   3.270   95.860   21.5  9.0
2005  2  5 12 23 18.00   5.280  123.360  532.9  7.1
2005  3  2 10 42 12.00  -6.590  129.850  175.7  7.1
2005  6 13 22 44 33.00 -20.000  -69.190  105.5  7.8
2005  6 15  2 50 54.00  41.200 -125.980    9.9  7.2
2005  9  9  7 26 43.00  -4.540  153.490   93.8  7.6
2005  9 26  1 55 37.00  -5.710  -76.420  128.3  7.5
2005 10  8  3 50 40.00  34.460   73.580   19.1  7.6
2006  1  2  6 10 49.00 -60.910  -21.570   13.0  7.4
2006  1  2 22 13 40.00 -19.940 -178.120  593.0  7.2
2006  1 27 16 58 53.00  -5.450  128.170  397.0  7.6
2006  2 22 22 19  7.00 -21.260   33.620   11.0  7.0
2006  4 20 23 25  2.00  60.940  167.140   22.0  7.6
2006  5  3 15 26 40.00 -20.150 -174.100   55.0  8.0
2006  5 16 10 39 23.00 -31.830 -179.210  152.0  7.4
2006  7 17  8 19 28.00  -9.320  107.330   24.3  7.7
2006  8 20  3 41 47.00 -61.020  -34.450   13.0  7.0
2006 11 15 11 14 13.00  46.580  153.270   10.0  8.3
2006 12 26 12 26 21.00  21.780  120.540   22.5  7.0
2007  1 21 11 27 45.00   1.120  126.340   22.0  7.5
2007  4  1 20 39 58.00  -8.430  157.060   10.0  8.1
2007  8  1 17  8 51.00 -15.620  167.710  120.0  7.2
2007  8  8 17  4 57.00  -5.910  107.670  290.0  7.5
2007  8 15 23 40 57.00 -13.380  -76.610   39.0  8.0
2007  9  2  1  5 18.00 -11.620  165.840   35.0  7.2
2007  9 28 13 38 57.00  21.960  142.700  277.5  7.5
2007  9 30  2  8 30.00  10.460  145.710   14.0  7.0
2007 10 31  3 30 15.00  18.900  145.388  207.0  7.2
2007 11 14 15 40 50.00 -22.247  -69.890   40.0  7.7
2007 11 29 19  0 20.00  14.944  -61.274  156.0  7.4
2007 12  9  7 28 20.00 -25.996 -177.514  152.0  7.8
2007 12 19  9 30 27.00  51.360 -179.509   34.0  7.2
2008  3 20 22 32 57.00  35.490   81.467   10.0  7.1
2008  4  9 12 46 12.00 -20.071  168.892   33.0  7.3
2008  4 12  0 30 12.00 -55.664  158.453   16.0  7.1
2008  5 12  6 28  1.00  31.002  103.322   19.0  7.9
2008  6 30  6 17 44.00 -58.220  -22.100   19.0  7.0
2008  7  5  2 12  4.48  53.880  152.890  632.0  7.7
2008  7 19  2 39 28.70  37.550  142.210   22.0  7.0
2008  9 29 15 19 31.59 -29.760 -177.680   36.0  7.0
2008 11 16 17  2 32.70   1.270  122.090   30.0  7.4
2009  1  3 19 43 50.65  -0.410  132.880   17.0  7.7
2009  2 11 17 34 50.49   3.890  126.390   20.0  7.2
2009  3 19 18 17 40.47 -23.040 -174.660   31.0  7.6
2009  5 28  8 24 46.56  16.730  -86.220   19.0  7.3
2009  7 15  9 22 29.03 -45.760  166.560   12.0  7.8
2009  8  9 10 55 55.11  33.170  137.940  292.0  7.1
2009  8 10 19 55 38.73  14.100   92.900   24.0  7.5
2009  9  2  7 55  1.05  -7.780  107.300   46.0  7.0
2009  9 29 17 48 10.99 -15.490 -172.100   18.0  8.1
2009 10  7 22 18 51.24 -12.520  166.380   35.0  7.8
2009 11  9 10 44 55.11 -17.240  178.330  595.0  7.3
2010  1 12 21 53 10.06  18.440  -72.570   13.0  7.0
2010  2 26 20 31 26.97  25.930  128.430   25.0  7.0
2010  2 27  6 34 11.53 -36.120  -72.900   22.0  8.8
2010  4  4 22 40 43.10  32.300 -115.280    4.0  7.2
2010  4  6 22 15  1.58   2.380   97.050   31.0  7.8
2010  6 12 19 26 50.46   7.880   91.940   35.0  7.5
2010  6 16  3 16 27.55  -2.170  136.540   18.0  7.0
2010  7 18 13 34 59.36  -5.930  150.590   35.0  7.3
2010  7 23 22 51 11.84   6.500  123.480  578.0  7.6
2010  8 10  5 23 44.98 -17.540  168.070   25.0  7.3
2010  8 12 11 54 15.58  -1.270  -77.310  206.0  7.1
2010  9  3 16 35 47.77 -43.520  171.830   12.0  7.0
2010  9 29 17 11 25.94  -4.960  133.760   26.0  7.0
2010 10 25 14 42 22.46  -3.490  100.080   20.0  7.8
2010 12 21 17 19 40.66  26.900  143.700   14.0  7.4
2010 12 25 13 16 37.00 -19.700  167.950   16.0  7.3
2011  1  1  9 56 58.12 -26.800  -63.140  576.0  7.0
2011  1 13 16 16 41.54 -20.630  168.470    9.0  7.0
2011  1 18 20 23 23.48  28.780   63.950   68.0  7.2
2011  3 11  5 46 24.12  38.300  142.370   29.0  9.0
2011  6 24  3  9 39.47  52.050 -171.840   52.0  7.3
2011  7  6 19  3 18.26 -29.540 -176.340   17.0  7.6
2011  8 24 17 46 11.65  -7.640  -74.530  147.0  7.0
2011  9  3 22 55 40.92 -20.670  169.720  185.0  7.0
2011  9 15 19 31  4.08 -21.610 -179.530  644.0  7.3
2011 10 23 10 41 22.93  38.720   43.510   16.0  7.1
2011 12 14  5  4 59.27  -7.560  146.800  140.0  7.1
2012  3 20 18  2 47.44  16.490  -98.230   20.0  7.4
2012  4 11  8 38 36.72   2.330   93.060   20.0  8.6
2012  4 12  7 15 48.50  28.700 -113.100   13.0  7.0
2012  8 14  2 59 38.46  49.800  145.060  583.0  7.7
2012  8 27  4 37 19.43  12.140  -88.590   28.0  7.3
2012  8 31 12 47 33.38  10.810  126.640   28.0  7.6
2012  9  5 14 42  7.88  10.100  -85.310   35.0  7.6
2012  9 30 16 31 35.97   1.930  -76.360  170.0  7.3
2012 10 28  3  4  9.76  52.780 -132.100   20.0  7.8
2012 11  7 16 35 46.87  13.980  -91.880   24.0  7.4
2012 12 10 16 53  8.77  -6.530  129.820  155.0  7.1
