1900 1 13.4059290322581
1900 2 8.93992857142857
1900 3 12.5919967741935
1900 4 7.33473333333333
1900 5 9.64315806451613
1900 6 4.85546666666667
1900 7 5.23390967741935
1900 8 6.03291612903226
1900 9 5.24754
1900 10 7.35278709677419
1900 11 5.45299
1900 12 5.5378935483871
1901 1 7.36069677419355
1901 2 7.03686785714286
1901 3 6.60345483870968
1901 4 5.38124
1901 5 6.18837096774194
1901 6 5.97452666666667
1901 7 5.60172258064516
1901 8 6.23256774193548
1901 9 6.11668333333333
1901 10 5.52274838709677
1901 11 5.70805
1901 12 6.35871290322581
1902 1 6.11636451612903
1902 2 7.67135714285714
1902 3 6.05244193548387
1902 4 8.02622
1902 5 5.66515161290323
1902 6 5.44136333333333
1902 7 6.49419677419355
1902 8 6.2661935483871
1902 9 6.99374333333333
1902 10 7.20653225806452
1902 11 7.67277333333333
1902 12 6.09541935483871
1903 1 6.5056
1903 2 5.91867857142857
1903 3 6.78543225806452
1903 4 10.21366
1903 5 7.92507096774194
1903 6 11.34748
1903 7 10.854864516129
1903 8 14.1727903225806
1903 9 13.9455166666667
1903 10 25.875635483871
1903 11 16.38146
1903 12 13.6490580645161
1904 1 15.0154709677419
1904 2 12.5653
1904 3 8.77605161290323
1904 4 13.44628
1904 5 13.2182387096774
1904 6 10.4930566666667
1904 7 10.8921677419355
1904 8 10.1908451612903
1904 9 11.1246233333333
1904 10 12.9958774193548
1904 11 11.5718133333333
1904 12 10.5497
1905 1 15.9055161290323
1905 2 20.0989321428571
1905 3 16.6606806451613
1905 4 16.7102433333333
1905 5 10.5771193548387
1905 6 13.7463233333333
1905 7 11.8614258064516
1905 8 17.1638967741935
1905 9 16.5798933333333
1905 10 11.0795322580645
1905 11 19.9494866666667
1905 12 10.6285612903226
1906 1 7.70071290322581
1906 2 17.5721107142857
1906 3 14.0231677419355
1906 4 11.71284
1906 5 11.3916967741935
1906 6 11.3289833333333
1906 7 12.3883838709677
1906 8 12.1034290322581
1906 9 14.1543266666667
1906 10 12.573364516129
1906 11 9.58925
1906 12 16.4771612903226
1907 1 16.4749580645161
1907 2 25.3883214285714
1907 3 14.4869548387097
1907 4 12.24717
1907 5 16.947464516129
1907 6 14.8352233333333
1907 7 17.0115129032258
1907 8 15.3964096774194
1907 9 16.8054033333333
1907 10 18.4475387096774
1907 11 14.38169
1907 12 11.5760806451613
1908 1 13.5283
1908 2 16.9469413793103
1908 3 23.3836903225806
1908 4 15.6734833333333
1908 5 19.1632161290323
1908 6 12.6127066666667
1908 7 10.4546064516129
1908 8 18.1997225806452
1908 9 32.2897933333333
1908 10 15.7124451612903
1908 11 17.4887466666667
1908 12 11.3981838709677
1909 1 24.3124
1909 2 17.221
1909 3 20.1669225806452
1909 4 12.22027
1909 5 18.5509387096774
1909 6 11.52311
1909 7 12.729235483871
1909 8 17.4516032258065
1909 9 26.58224
1909 10 19.5586096774194
1909 11 11.7384033333333
1909 12 13.8491548387097
1910 1 12.9338677419355
1910 2 14.5659785714286
1910 3 21.0042451612903
1910 4 19.98302
1910 5 17.5487741935484
1910 6 13.7457233333333
1910 7 10.8670741935484
1910 8 20.3385580645161
1910 9 19.2049066666667
1910 10 24.6584677419355
1910 11 17.7887266666667
1910 12 19.7258806451613
1911 1 21.1229580645161
1911 2 23.3036
1911 3 21.5987741935484
1911 4 21.3720633333333
1911 5 16.823964516129
1911 6 13.6854133333333
1911 7 15.4932741935484
1911 8 11.9591129032258
1911 9 12.2932066666667
1911 10 12.5197806451613
1911 11 10.5734433333333
1911 12 11.0202064516129
1912 1 7.6431935483871
1912 2 8.05575172413793
1912 3 7.83045806451613
1912 4 9.55354
1912 5 9.51344193548387
1912 6 8.43687666666667
1912 7 7.8757064516129
1912 8 10.7454129032258
1912 9 9.81795666666667
1912 10 9.47942580645161
1912 11 9.45856666666667
1912 12 9.40216774193548
1913 1 10.2633516129032
1913 2 9.39795
1913 3 9.94735806451613
1913 4 9.86568666666667
1913 5 9.08829032258065
1913 6 7.10108333333333
1913 7 7.0153
1913 8 6.69494193548387
1913 9 10.0087633333333
1913 10 10.7796129032258
1913 11 7.64961666666667
1913 12 6.80945483870968
1914 1 7.16261290322581
1914 2 7.38701428571429
1914 3 10.1481161290323
1914 4 13.47179
1914 5 8.19845806451613
1914 6 10.3943933333333
1914 7 12.8876806451613
1914 8 14.9175903225806
1914 9 11.8508033333333
1914 10 13.4691096774194
1914 11 13.5737333333333
1914 12 9.32585483870968
1915 1 11.0286967741935
1915 2 13.4617357142857
1915 3 15.1967903225806
1915 4 15.41349
1915 5 13.9813870967742
1915 6 18.4863633333333
1915 7 11.2834935483871
1915 8 14.7734774193548
1915 9 16.90941
1915 10 21.3298774193548
1915 11 24.9303133333333
1915 12 12.2361483870968
1916 1 16.2343806451613
1916 2 11.5863172413793
1916 3 25.193435483871
1916 4 19.47142
1916 5 20.5206483870968
1916 6 15.80023
1916 7 20.0116193548387
1916 8 21.3661709677419
1916 9 22.5613033333333
1916 10 24.3390967741935
1916 11 23.9887766666667
1916 12 18.9468741935484
1917 1 24.9081
1917 2 19.0961642857143
1917 3 16.2621516129032
1917 4 17.07241
1917 5 15.9663129032258
1917 6 12.6177
1917 7 14.8632838709677
1917 8 28.3865161290323
1917 9 16.1825666666667
1917 10 20.1344322580645
1917 11 14.78592
1917 12 19.5538129032258
1918 1 17.7578612903226
1918 2 21.2865571428571
1918 3 19.6619580645161
1918 4 20.7474
1918 5 19.0944548387097
1918 6 15.7198266666667
1918 7 17.4787193548387
1918 8 22.231164516129
1918 9 28.95905
1918 10 26.5360838709677
1918 11 23.1918933333333
1918 12 28.2418709677419
1919 1 27.9690096774194
1919 2 26.6194928571429
1919 3 30.8854580645161
1919 4 21.3563766666667
1919 5 27.7960096774194
1919 6 14.25719
1919 7 15.1262
1919 8 22.8803870967742
1919 9 25.5772066666667
1919 10 27.5231870967742
1919 11 14.27696
1919 12 18.3230741935484
1920 1 16.8769161290323
1920 2 14.1565793103448
1920 3 28.7229
1920 4 17.9147233333333
1920 5 17.8725612903226
1920 6 12.7018666666667
1920 7 14.3925903225806
1920 8 15.0201548387097
1920 9 25.9005033333333
1920 10 17.536264516129
1920 11 15.34313
1920 12 17.059035483871
1921 1 11.9531193548387
1921 2 10.79405
1921 3 15.8758774193548
1921 4 17.7371033333333
1921 5 41.5541935483871
1921 6 12.7433233333333
1921 7 13.7280741935484
1921 8 14.9139548387097
1921 9 12.6198233333333
1921 10 16.4069677419355
1921 11 16.5001966666667
1921 12 17.8735709677419
1922 1 18.1445129032258
1922 2 18.8629821428571
1922 3 24.2969903225806
1922 4 23.9898066666667
1922 5 18.4596290322581
1922 6 18.8398466666667
1922 7 20.2672129032258
1922 8 20.9008032258065
1922 9 20.0024866666667
1922 10 20.1400483870968
1922 11 13.28854
1922 12 10.5951419354839
1923 1 10.3291709677419
1923 2 13.9494535714286
1923 3 12.2387
1923 4 10.23627
1923 5 10.3967161290323
1923 6 11.4601933333333
1923 7 8.44465806451613
1923 8 7.47004516129032
1923 9 11.01432
1923 10 12.9851064516129
1923 11 8.11497666666667
1923 12 9.6413935483871
1924 1 13.8821516129032
1924 2 11.1198896551724
1924 3 13.036964516129
1924 4 7.61198666666667
1924 5 10.4913129032258
1924 6 12.5760933333333
1924 7 9.96723548387097
1924 8 7.1725064516129
1924 9 12.7563333333333
1924 10 8.98503548387097
1924 11 9.48739
1924 12 7.94361612903226
1925 1 9.56518387096774
1925 2 8.76040357142857
1925 3 8.77205806451613
1925 4 10.9568633333333
1925 5 11.3093548387097
1925 6 18.2181766666667
1925 7 12.0607161290323
1925 8 13.7473935483871
1925 9 18.3901366666667
1925 10 21.7899774193548
1925 11 13.2383866666667
1925 12 13.1508838709677
1926 1 27.0804161290323
1926 2 26.1480857142857
1926 3 27.5384516129032
1926 4 27.3010233333333
1926 5 19.5047193548387
1926 6 16.01676
1926 7 11.1938612903226
1926 8 13.0509516129032
1926 9 23.0338633333333
1926 10 23.4347387096774
1926 11 12.04188
1926 12 13.2155677419355
1927 1 15.431335483871
1927 2 14.9181357142857
1927 3 20.5544451612903
1927 4 15.7856166666667
1927 5 16.8710870967742
1927 6 10.96564
1927 7 16.3968161290323
1927 8 18.8947129032258
1927 9 20.9898866666667
1927 10 24.8915870967742
1927 11 7.97987
1927 12 15.9774387096774
1928 1 9.92211612903226
1928 2 13.3373172413793
1928 3 11.1414483870968
1928 4 12.7859833333333
1928 5 23.5313612903226
1928 6 20.13431
1928 7 27.8049741935484
1928 8 15.6716580645161
1928 9 19.2351766666667
1928 10 23.7298548387097
1928 11 18.12682
1928 12 15.5298838709677
1929 1 12.9878709677419
1929 2 24.1703785714286
1929 3 26.3332516129032
1929 4 13.7405833333333
1929 5 15.9615064516129
1929 6 14.5258666666667
1929 7 18.1765903225806
1929 8 15.7610096774194
1929 9 21.31488
1929 10 25.1662
1929 11 22.3515266666667
1929 12 21.0373935483871
1930 1 20.7796387096774
1930 2 27.845725
1930 3 31.2901064516129
1930 4 37.69002
1930 5 36.6281096774194
1930 6 33.7088566666667
1930 7 28.5063548387097
1930 8 33.7387419354839
1930 9 28.5902066666667
1930 10 28.7664096774194
1930 11 18.6481133333333
1930 12 17.0769677419355
1931 1 12.9682483870968
1931 2 15.21745
1931 3 12.7510935483871
1931 4 9.79969
1931 5 12.0436419354839
1931 6 14.3862166666667
1931 7 12.9321193548387
1931 8 17.5714483870968
1931 9 21.0867733333333
1931 10 26.9041225806452
1931 11 23.6966733333333
1931 12 21.1247516129032
1932 1 19.9993193548387
1932 2 21.1039482758621
1932 3 27.8412677419355
1932 4 27.9263933333333
1932 5 22.2397580645161
1932 6 11.65933
1932 7 12.3527193548387
1932 8 18.9875
1932 9 19.1097966666667
1932 10 17.0712677419355
1932 11 13.88228
1932 12 15.1608290322581
1933 1 15.9124935483871
1933 2 18.3179035714286
1933 3 19.0068483870968
1933 4 21.0864266666667
1933 5 17.5537838709677
1933 6 13.7459533333333
1933 7 12.1135161290323
1933 8 14.3044516129032
1933 9 18.4081733333333
1933 10 16.6272419354839
1933 11 15.9930966666667
1933 12 12.970335483871
1934 1 11.3811032258065
1934 2 14.7399464285714
1934 3 19.9087032258065
1934 4 11.2951366666667
1934 5 11.349664516129
1934 6 10.03276
1934 7 10.1233935483871
1934 8 17.3260612903226
1934 9 17.83166
1934 10 11.6513064516129
1934 11 9.32469333333333
1934 12 15.4698806451613
1935 1 15.5972741935484
1935 2 16.3141607142857
1935 3 17.7834
1935 4 13.4878266666667
1935 5 11.5066451612903
1935 6 16.18159
1935 7 12.5365290322581
1935 8 9.78119032258065
1935 9 20.89854
1935 10 19.9185193548387
1935 11 15.5845666666667
1935 12 17.4727677419355
1936 1 17.3170806451613
1936 2 19.3415931034483
1936 3 15.4976064516129
1936 4 22.29934
1936 5 17.4450129032258
1936 6 19.75932
1936 7 17.6303612903226
1936 8 10.2996935483871
1936 9 9.51163666666667
1936 10 15.3986387096774
1936 11 18.0841966666667
1936 12 11.9662516129032
1937 1 12.1195322580645
1937 2 22.2378785714286
1937 3 18.6133064516129
1937 4 26.58364
1937 5 18.3642838709677
1937 6 19.10242
1937 7 18.8098903225806
1937 8 14.9042516129032
1937 9 14.6126066666667
1937 10 27.9578451612903
1937 11 19.06981
1937 12 16.3983032258065
1938 1 46.1694806451613
1938 2 25.9788285714286
1938 3 20.5030806451613
1938 4 26.7266866666667
1938 5 23.9325741935484
1938 6 14.7027633333333
1938 7 19.7338193548387
1938 8 19.7595419354839
1938 9 25.0208866666667
1938 10 24.1821
1938 11 17.7529766666667
1938 12 19.4431161290323
1939 1 13.4678161290323
1939 2 21.5770071428571
1939 3 26.8904774193548
1939 4 37.19741
1939 5 28.0378193548387
1939 6 22.8750766666667
1939 7 26.1981580645161
1939 8 23.0346193548387
1939 9 19.0576766666667
1939 10 28.7846258064516
1939 11 14.44865
1939 12 18.6611419354839
1940 1 24.8046193548387
1940 2 20.0998103448276
1940 3 43.4910709677419
1940 4 22.5431133333333
1940 5 19.8194225806452
1940 6 23.3737766666667
1940 7 18.2877741935484
1940 8 18.196964516129
1940 9 19.9097266666667
1940 10 21.7056580645161
1940 11 25.2651733333333
1940 12 23.4881225806452
1941 1 21.7601290322581
1941 2 27.4269357142857
1941 3 42.5616258064516
1941 4 21.48202
1941 5 19.1422516129032
1941 6 17.4973866666667
1941 7 28.6295612903226
1941 8 22.4098612903226
1941 9 37.9639466666667
1941 10 17.4779838709677
1941 11 24.01726
1941 12 19.3294129032258
1942 1 14.5956290322581
1942 2 18.7698071428571
1942 3 32.3107451612903
1942 4 24.2690433333333
1942 5 14.1735064516129
1942 6 14.5168933333333
1942 7 23.2190548387097
1942 8 21.6595096774194
1942 9 25.4633833333333
1942 10 30.3735451612903
1942 11 22.5329966666667
1942 12 18.4714709677419
1943 1 17.7822322580645
1943 2 16.8321607142857
1943 3 20.7725064516129
1943 4 21.9234
1943 5 24.7065129032258
1943 6 20.84307
1943 7 24.2255
1943 8 41.1534548387097
1943 9 34.8289233333333
1943 10 32.3966935483871
1943 11 29.7210533333333
1943 12 23.1220677419355
1944 1 21.200335483871
1944 2 18.0574034482759
1944 3 26.4841516129032
1944 4 21.6741733333333
1944 5 15.8604709677419
1944 6 14.8099366666667
1944 7 10.8778741935484
1944 8 16.5580096774194
1944 9 17.32173
1944 10 17.1038677419355
1944 11 11.2802433333333
1944 12 21.694764516129
1945 1 16.1523032258065
1945 2 16.4715178571429
1945 3 24.6434612903226
1945 4 19.04787
1945 5 15.2923451612903
1945 6 10.8587633333333
1945 7 15.1220838709677
1945 8 12.0016774193548
1945 9 15.2924933333333
1945 10 17.7524483870968
1945 11 12.1413266666667
1945 12 20.3391483870968
1946 1 19.3324903225806
1946 2 29.5235071428571
1946 3 43.6163258064516
1946 4 24.7814166666667
1946 5 24.8289225806452
1946 6 22.23636
1946 7 28.266235483871
1946 8 16.749135483871
1946 9 41.21678
1946 10 19.8262967741935
1946 11 19.4026933333333
1946 12 14.1538419354839
1947 1 20.6362387096774
1947 2 17.1733214285714
1947 3 38.6362580645161
1947 4 22.9695866666667
1947 5 19.3488838709677
1947 6 21.3814633333333
1947 7 21.246135483871
1947 8 32.0035064516129
1947 9 39.3751133333333
1947 10 31.6169322580645
1947 11 20.43003
1947 12 17.6938935483871
1948 1 20.7390612903226
1948 2 20.8525448275862
1948 3 24.3256709677419
1948 4 17.9150766666667
1948 5 23.9164064516129
1948 6 14.84627
1948 7 16.0954258064516
1948 8 28.4481451612903
1948 9 22.0435366666667
1948 10 36.6060129032258
1948 11 22.9030366666667
1948 12 22.7510258064516
1949 1 29.9771161290323
1949 2 20.3064071428571
1949 3 24.8079903225806
1949 4 17.4655166666667
1949 5 22.2543451612903
1949 6 17.9864933333333
1949 7 11.7381096774194
1949 8 19.1487580645161
1949 9 17.8431066666667
1949 10 32.7375516129032
1949 11 24.7214766666667
1949 12 15.1528870967742
1950 1 19.5996806451613
1950 2 23.1274642857143
1950 3 20.7297032258065
1950 4 24.0237066666667
1950 5 21.4893290322581
1950 6 18.7310133333333
1950 7 19.0412677419355
1950 8 30.1810741935484
1950 9 29.0727033333333
1950 10 34.5647
1950 11 27.84714
1950 12 23.9202
1951 1 23.3310193548387
1951 2 29.2014964285714
1951 3 28.4374064516129
1951 4 31.9179866666667
1951 5 25.4057741935484
1951 6 23.2582833333333
1951 7 25.1304064516129
1951 8 29.9606064516129
1951 9 44.6138933333333
1951 10 30.0034548387097
1951 11 25.8884466666667
1951 12 28.0712483870968
1952 1 28.5093451612903
1952 2 34.5454379310345
1952 3 40.2485741935484
1952 4 38.0891333333333
1952 5 33.0876580645161
1952 6 23.9541666666667
1952 7 20.6186806451613
1952 8 19.0276483870968
1952 9 28.6118166666667
1952 10 26.5532967741935
1952 11 18.8233466666667
1952 12 23.1584838709677
1953 1 22.1619258064516
1953 2 21.4612857142857
1953 3 27.4641806451613
1953 4 22.76977
1953 5 21.3286
1953 6 18.3149333333333
1953 7 22.6174516129032
1953 8 26.0396677419355
1953 9 29.37791
1953 10 22.6394870967742
1953 11 20.11405
1953 12 12.5867096774194
1954 1 13.9756483870968
1954 2 24.177275
1954 3 25.7897419354839
1954 4 20.6132666666667
1954 5 11.8341967741935
1954 6 9.58111666666667
1954 7 12.9704935483871
1954 8 16.5537258064516
1954 9 25.4689266666667
1954 10 21.1933322580645
1954 11 14.6546833333333
1954 12 10.8453193548387
1955 1 19.3389612903226
1955 2 18.2208214285714
1955 3 23.6867483870968
1955 4 20.9604166666667
1955 5 16.5396741935484
1955 6 14.86422
1955 7 11.9240258064516
1955 8 14.1115806451613
1955 9 19.0056633333333
1955 10 17.6175225806452
1955 11 19.86255
1955 12 14.084264516129
1956 1 28.6466612903226
1956 2 23.3619862068966
1956 3 27.7664322580645
1956 4 31.6250766666667
1956 5 29.4372870967742
1956 6 23.5797333333333
1956 7 19.8279806451613
1956 8 20.2925
1956 9 22.73717
1956 10 19.5309193548387
1956 11 32.28227
1956 12 17.9842387096774
1957 1 30.0583677419355
1957 2 27.0284214285714
1957 3 37.8305483870968
1957 4 30.22474
1957 5 18.7613419354839
1957 6 29.5512666666667
1957 7 21.7906903225806
1957 8 20.9474806451613
1957 9 57.4448
1957 10 23.4848483870968
1957 11 29.8880033333333
1957 12 30.5706129032258
1958 1 24.2378032258065
1958 2 42.2086785714286
1958 3 35.0992903225806
1958 4 26.8659666666667
1958 5 24.3881903225806
1958 6 28.7895866666667
1958 7 35.2488967741935
1958 8 24.3659903225806
1958 9 25.2762833333333
1958 10 24.2152193548387
1958 11 14.43915
1958 12 26.1386
1959 1 23.2705032258065
1959 2 34.8479357142857
1959 3 29.1979451612903
1959 4 23.4746133333333
1959 5 24.8545580645161
1959 6 20.68465
1959 7 41.0541483870968
1959 8 30.2127709677419
1959 9 35.1858366666667
1959 10 27.1172903225806
1959 11 31.18417
1959 12 29.4353225806452
1960 1 24.3986677419355
1960 2 22.5089103448276
1960 3 26.5227580645161
1960 4 50.5451233333333
1960 5 30.8192806451613
1960 6 26.6040133333333
1960 7 27.4591193548387
1960 8 27.0022451612903
1960 9 25.9815133333333
1960 10 43.7296129032258
1960 11 44.7566066666667
1960 12 33.6246774193548
1961 1 19.9889709677419
1961 2 24.2215964285714
1961 3 21.5196419354839
1961 4 21.0876633333333
1961 5 21.6407258064516
1961 6 19.2236333333333
1961 7 34.1080709677419
1961 8 17.7305419354839
1961 9 20.07009
1961 10 22.6536
1961 11 16.9586966666667
1961 12 20.3464709677419
1962 1 12.6945774193548
1962 2 18.3165107142857
1962 3 14.862064516129
1962 4 21.7392033333333
1962 5 12.9988774193548
1962 6 17.6536166666667
1962 7 20.2521903225806
1962 8 25.590364516129
1962 9 29.27668
1962 10 31.9833548387097
1962 11 21.7741333333333
1962 12 22.5199387096774
1963 1 18.751764516129
1963 2 14.9937178571429
1963 3 14.4063838709677
1963 4 17.6075066666667
1963 5 19.8493967741935
1963 6 19.89021
1963 7 20.4850387096774
1963 8 21.5947967741935
1963 9 39.1786
1963 10 22.6252161290323
1963 11 19.97028
1963 12 18.505764516129
1964 1 19.2958612903226
1964 2 19.2225448275862
1964 3 20.0860903225806
1964 4 20.94371
1964 5 17.0144419354839
1964 6 14.4384033333333
1964 7 16.0152290322581
1964 8 14.1374129032258
1964 9 17.6915233333333
1964 10 16.3756612903226
1964 11 13.3619766666667
1964 12 9.96949677419355
1965 1 11.3790709677419
1965 2 15.6467785714286
1965 3 13.813335483871
1965 4 12.35782
1965 5 10.1051225806452
1965 6 15.19738
1965 7 14.4118322580645
1965 8 16.2293193548387
1965 9 16.9991533333333
1965 10 12.6311451612903
1965 11 11.2936133333333
1965 12 13.2461258064516
1966 1 13.8338451612903
1966 2 14.4160142857143
1966 3 17.8336935483871
1966 4 11.6555533333333
1966 5 14.2586741935484
1966 6 11.92165
1966 7 16.8169387096774
1966 8 19.0853709677419
1966 9 28.3313166666667
1966 10 16.9167451612903
1966 11 16.4006833333333
1966 12 19.9856677419355
1967 1 18.3296580645161
1967 2 18.645
1967 3 13.3035064516129
1967 4 15.07986
1967 5 32.068935483871
1967 6 17.9254133333333
1967 7 14.0539258064516
1967 8 16.7738774193548
1967 9 24.0266666666667
1967 10 17.1415
1967 11 18.3044933333333
1967 12 23.5669741935484
1968 1 20.4985096774194
1968 2 25.7641689655172
1968 3 22.7131419354839
1968 4 21.62821
1968 5 20.8682741935484
1968 6 24.5846866666667
1968 7 17.2418483870968
1968 8 19.4725419354839
1968 9 21.2662966666667
1968 10 23.6512451612903
1968 11 25.12298
1968 12 19.6704838709677
1969 1 17.1968161290323
1969 2 24.7559607142857
1969 3 26.8135903225806
1969 4 23.5635733333333
1969 5 25.5572516129032
1969 6 18.11537
1969 7 15.4293225806452
1969 8 15.7295838709677
1969 9 23.8917033333333
1969 10 17.4587225806452
1969 11 18.56909
1969 12 13.6514870967742
1970 1 14.8078548387097
1970 2 13.0857178571429
1970 3 26.7426903225806
1970 4 23.04015
1970 5 16.8182322580645
1970 6 19.8707933333333
1970 7 30.8752774193548
1970 8 22.0633419354839
1970 9 17.4107466666667
1970 10 20.463864516129
1970 11 19.5958133333333
1970 12 15.204464516129
1971 1 22.7293548387097
1971 2 20.3405
1971 3 20.4847
1971 4 23.7588733333333
1971 5 21.0246967741935
1971 6 17.5996933333333
1971 7 15.3020451612903
1971 8 17.3391032258065
1971 9 21.12942
1971 10 22.211964516129
1971 11 19.1301666666667
1971 12 18.3777096774194
1972 1 21.5838
1972 2 18.4405068965517
1972 3 21.6355838709677
1972 4 18.56201
1972 5 17.1321032258065
1972 6 22.28269
1972 7 14.8091935483871
1972 8 34.5513
1972 9 20.9795133333333
1972 10 21.087964516129
1972 11 22.2645166666667
1972 12 19.1495096774194
1973 1 26.0886774193548
1973 2 32.7715714285714
1973 3 37.0249806451613
1973 4 39.6913866666667
1973 5 27.2482806451613
1973 6 28.37094
1973 7 21.8574838709677
1973 8 21.4681096774194
1973 9 23.3050066666667
1973 10 29.3905096774194
1973 11 21.4328533333333
1973 12 20.2512516129032
1974 1 25.6778580645161
1974 2 26.5018071428571
1974 3 34.2577225806452
1974 4 34.54405
1974 5 29.7364322580645
1974 6 30.28166
1974 7 34.0238709677419
1974 8 31.6664516129032
1974 9 35.1588866666667
1974 10 37.9255258064516
1974 11 27.5773166666667
1974 12 27.9299290322581
1975 1 27.6108483870968
1975 2 31.4569642857143
1975 3 32.5857096774194
1975 4 25.14538
1975 5 23.8282967741936
1975 6 21.6701
1975 7 22.6976935483871
1975 8 18.6533774193548
1975 9 17.5097766666667
1975 10 20.4477967741935
1975 11 28.78845
1975 12 21.4517935483871
1976 1 23.7768806451613
1976 2 28.7417896551724
1976 3 34.7588967741935
1976 4 27.31557
1976 5 24.9168709677419
1976 6 18.9859866666667
1976 7 18.7642032258065
1976 8 18.1088741935484
1976 9 23.7742666666667
1976 10 20.6954419354839
1976 11 16.5188733333333
1976 12 18.5598516129032
1977 1 19.259
1977 2 21.4433392857143
1977 3 19.6867161290323
1977 4 25.0480366666667
1977 5 20.9517870967742
1977 6 15.0582733333333
1977 7 23.5998903225806
1977 8 23.9681096774194
1977 9 23.7505466666667
1977 10 20.7680451612903
1977 11 16.9253433333333
1977 12 16.8727387096774
1978 1 23.8464322580645
1978 2 25.2276178571429
1978 3 25.1274129032258
1978 4 30.4291433333333
1978 5 30.8174290322581
1978 6 27.0835133333333
1978 7 19.1281032258065
1978 8 24.7506580645161
1978 9 26.8847933333333
1978 10 20.1280903225806
1978 11 23.83763
1978 12 21.352764516129
1979 1 26.2275322580645
1979 2 23.1493392857143
1979 3 26.1000838709677
1979 4 32.8757366666667
1979 5 20.1997064516129
1979 6 17.74414
1979 7 17.0227064516129
1979 8 24.9418903225806
1979 9 21.4165566666667
1979 10 18.36
1979 11 16.7246833333333
1979 12 16.1849677419355
1980 1 18.5433806451613
1980 2 17.1578275862069
1980 3 12.5510741935484
1980 4 18.1706966666667
1980 5 15.1667967741935
1980 6 19.58344
1980 7 16.2946
1980 8 15.3298193548387
1980 9 13.8971433333333
1980 10 21.9359129032258
1980 11 23.07998
1980 12 21.4916032258065
1981 1 16.2962451612903
1981 2 22.7042285714286
1981 3 26.4188032258065
1981 4 33.1016133333333
1981 5 26.8690032258065
1981 6 17.4856133333333
1981 7 26.7373741935484
1981 8 23.7073258064516
1981 9 20.4592466666667
1981 10 33.2989516129032
1981 11 23.3111633333333
1981 12 19.3597483870968
1982 1 22.7598806451613
1982 2 47.7299285714286
1982 3 26.9604709677419
1982 4 31.9344266666667
1982 5 25.2118322580645
1982 6 30.5822333333333
1982 7 40.9786483870968
1982 8 31.1523
1982 9 44.6308333333333
1982 10 28.1911741935484
1982 11 32.3210666666667
1982 12 33.6894161290323
1983 1 25.8068129032258
1983 2 38.9459428571429
1983 3 33.4662612903226
1983 4 35.2895
1983 5 31.184964516129
1983 6 24.6526566666667
1983 7 20.2359935483871
1983 8 24.6361258064516
1983 9 23.2518433333333
1983 10 27.9766
1983 11 32.7370233333333
1983 12 25.5038967741935
1984 1 23.2196129032258
1984 2 25.5044827586207
1984 3 30.2880903225806
1984 4 32.2304633333333
1984 5 26.7979516129032
1984 6 23.32024
1984 7 26.0802903225806
1984 8 25.4813
1984 9 32.5734533333333
1984 10 32.8300838709677
1984 11 30.50145
1984 12 28.5770967741935
1985 1 24.9536774193548
1985 2 23.8447928571429
1985 3 18.7267032258065
1985 4 29.2334266666667
1985 5 15.3161387096774
1985 6 19.5351466666667
1985 7 22.7468806451613
1985 8 21.5011483870968
1985 9 20.27751
1985 10 21.8022258064516
1985 11 23.05703
1985 12 21.0764225806452
1986 1 21.9940322580645
1986 2 38.7846142857143
1986 3 20.8498870967742
1986 4 13.6301966666667
1986 5 18.3687741935484
1986 6 15.3265333333333
1986 7 15.7623387096774
1986 8 21.9703677419355
1986 9 24.1743666666667
1986 10 18.1197032258065
1986 11 20.8265133333333
1986 12 14.8378483870968
1987 1 14.414935483871
1987 2 16.1128214285714
1987 3 17.0348903225806
1987 4 12.63986
1987 5 14.1702774193548
1987 6 12.6407366666667
1987 7 19.0036806451613
1987 8 23.6234064516129
1987 9 29.1295833333333
1987 10 24.6084225806452
1987 11 21.36976
1987 12 15.2559290322581
1988 1 21.7380064516129
1988 2 22.469824137931
1988 3 23.9816225806452
1988 4 24.3896666666667
1988 5 20.0110451612903
1988 6 19.4781366666667
1988 7 19.6007903225806
1988 8 19.8993709677419
1988 9 20.6680733333333
1988 10 21.8651290322581
1988 11 22.4517766666667
1988 12 24.7804806451613
1989 1 33.2419161290323
1989 2 26.2720142857143
1989 3 58.7943870967742
1989 4 32.6194333333333
1989 5 25.2602903225806
1989 6 23.9517333333333
1989 7 13.8803741935484
1989 8 27.698435483871
1989 9 25.8208533333333
1989 10 30.3362741935484
1989 11 33.4751366666667
1989 12 30.2453548387097
1990 1 26.5256612903226
1990 2 36.6516071428571
1990 3 32.9994516129032
1990 4 36.8412
1990 5 24.4143064516129
1990 6 23.85673
1990 7 21.293735483871
1990 8 27.4443096774194
1990 9 24.2027466666667
1990 10 24.4553935483871
1990 11 16.9946766666667
1990 12 14.5967677419355
1991 1 16.8874806451613
1991 2 19.0003928571429
1991 3 36.148064516129
1991 4 23.3838133333333
1991 5 26.3463129032258
1991 6 54.8887466666667
1991 7 34.5621
1991 8 39.8307741935484
1991 9 29.5100866666667
1991 10 42.3575774193548
1991 11 47.8482666666667
1991 12 27.0519677419355
1992 1 24.7750129032258
1992 2 46.233124137931
1992 3 23.3310032258065
1992 4 19.2442933333333
1992 5 29.2704387096774
1992 6 24.2036666666667
1992 7 17.3251161290323
1992 8 23.5228451612903
1992 9 34.6942133333333
1992 10 25.885
1992 11 24.1200733333333
1992 12 25.1377032258065
1993 1 30.0551612903226
1993 2 26.295675
1993 3 36.8713548387097
1993 4 28.65378
1993 5 21.4668451612903
1993 6 21.26819
1993 7 17.3913032258065
1993 8 18.4014387096774
1993 9 23.2259033333333
1993 10 23.7977032258065
1993 11 24.4819066666667
1993 12 24.3371483870968
1994 1 25.8348709677419
1994 2 40.8366142857143
1994 3 36.8086161290323
1994 4 39.0212466666667
1994 5 39.2962258064516
1994 6 26.5441766666667
1994 7 19.993264516129
1994 8 15.4898322580645
1994 9 19.3961366666667
1994 10 32.3942967741935
1994 11 22.73777
1994 12 23.5377935483871
1995 1 22.5970032258064
1995 2 23.8276571428571
1995 3 23.0558483870968
1995 4 23.52487
1995 5 29.6863967741935
1995 6 18.7292033333333
1995 7 14.4739548387097
1995 8 16.6991774193548
1995 9 21.43736
1995 10 26.8532
1995 11 16.5991966666667
1995 12 17.6497225806452
1996 1 18.1969
1996 2 20.0855827586207
1996 3 21.6598612903226
1996 4 19.9198766666667
1996 5 13.4411387096774
1996 6 10.61502
1996 7 14.1370548387097
1996 8 18.3378774193548
1996 9 25.5996733333333
1996 10 22.9840032258065
1996 11 15.5906066666667
1996 12 15.3468612903226
1997 1 17.0246
1997 2 20.4138785714286
1997 3 15.8026064516129
1997 4 18.0902733333333
1997 5 14.7359741935484
1997 6 13.1913466666667
1997 7 11.9252580645161
1997 8 13.3770032258065
1997 9 17.9034266666667
1997 10 18.3283870967742
1997 11 17.4341166666667
1997 12 10.4245451612903
1998 1 16.476335483871
1998 2 15.9376678571429
1998 3 22.4096741935484
1998 4 17.5525166666667
1998 5 27.3726258064516
1998 6 18.0946633333333
1998 7 18.5898290322581
1998 8 26.6259129032258
1998 9 20.59974
1998 10 21.6944774193548
1998 11 25.6365833333333
1998 12 15.5142806451613
1999 1 20.0049387096774
1999 2 20.5225678571429
1999 3 22.8668903225806
1999 4 20.8541866666667
1999 5 15.8399096774194
1999 6 13.05983
1999 7 17.3048741935484
1999 8 25.5282322580645
1999 9 30.41788
1999 10 30.1676258064516
1999 11 23.9085733333333
1999 12 20.028
2000 1 23.3491225806452
2000 2 27.1082689655172
2000 3 16.4631870967742
2000 4 24.8806033333333
2000 5 24.2531774193548
2000 6 24.3284333333333
2000 7 29.8485774193548
2000 8 23.7698580645161
2000 9 29.0428466666667
2000 10 27.3382290322581
2000 11 28.11196
2000 12 15.7278774193548
2001 1 17.4127903225806
2001 2 14.4133142857143
2001 3 29.4905838709677
2001 4 31.9367866666667
2001 5 17.3289225806452
2001 6 17.6118133333333
2001 7 18.3140774193548
2001 8 19.0428548387097
2001 9 21.89829
2001 10 30.2211193548387
2001 11 24.1498333333333
2001 12 18.6976193548387
2002 1 16.2007322580645
2002 2 19.0550678571429
2002 3 19.6558516129032
2002 4 25.04406
2002 5 19.0958870967742
2002 6 13.89824
2002 7 19.2755
2002 8 22.0188161290323
2002 9 20.5593966666667
2002 10 36.6633935483871
2002 11 28.1372666666667
2002 12 23.6798258064516
2003 1 23.5250741935484
2003 2 30.2507392857143
2003 3 33.8682580645161
2003 4 33.6014666666667
2003 5 41.5395806451613
2003 6 39.3022
2003 7 31.5041580645161
2003 8 35.7851935483871
2003 9 29.5648666666667
2003 10 51.6542419354839
2003 11 43.2615333333333
2003 12 29.3270548387097
2004 1 36.4409677419355
2004 2 22.8796137931034
2004 3 24.4949516129032
2004 4 19.56899
2004 5 16.171964516129
2004 6 15.51716
2004 7 29.2568258064516
2004 8 15.9913709677419
2004 9 15.3564966666667
2004 10 15.8159903225806
2004 11 35.9789466666667
2004 12 22.3179419354839
2005 1 37.9939935483871
2005 2 20.882975
2005 3 20.8359064516129
2005 4 18.42153
2005 5 28.0324451612903
2005 6 19.3943366666667
2005 7 23.4640064516129
2005 8 22.6475516129032
2005 9 30.9311533333333
2005 10 15.1714161290323
2005 11 16.58107
2005 12 16.6188096774194
2006 1 12.9912258064516
2006 2 13.1366678571429
2006 3 15.354764516129
2006 4 18.4223866666667
2006 5 13.517235483871
2006 6 14.87714
2006 7 12.1040096774194
2006 8 17.3396903225806
2006 9 15.0652466666667
2006 10 16.1124516129032
2006 11 16.28469
2006 12 23.9712677419355
2007 1 18.5892322580645
2007 2 14.0797321428571
2007 3 15.6272322580645
2007 4 17.5093866666667
2007 5 14.7222903225806
2007 6 12.2949333333333
2007 7 13.2993612903226
2007 8 12.9140677419355
2007 9 16.72687
2007 10 13.2891774193548
2007 11 13.3896233333333
2007 12 12.3424387096774
2008 1 15.7707096774194
2008 2 21.7684655172414
2008 3 20.5100516129032
2008 4 17.0684733333333
2008 5 13.1152419354839
2008 6 14.0969833333333
2008 7 10.9357193548387
2008 8 9.46198709677419
2008 9 10.7849766666667
2008 10 13.0744806451613
2008 11 9.36960333333333
2008 12 9.88714838709677
2009 1 9.90002903225806
2009 2 10.0247392857143
2009 3 10.3278161290323
2009 4 8.83273666666667
2009 5 7.55725806451613
2009 6 8.57489
2009 7 8.69811612903226
2009 8 9.44371935483871
2009 9 7.58449333333333
2009 10 7.95293548387097
2009 11 7.16418
2009 12 5.78841290322581
2010 1 7.66919677419355
2010 2 9.76263928571429
2010 3 9.66501612903226
2010 4 17.2767466666667
2010 5 15.0153129032258
2010 6 13.5626433333333
2010 7 10.6236032258065
2010 8 14.5143903225806
2010 9 11.0060333333333
2010 10 12.8779258064516
2010 11 11.6139366666667
2010 12 9.77764838709677
2011 1 12.3988322580645
2011 2 13.2017571428571
2011 3 15.4384387096774
2011 4 15.5313866666667
2011 5 16.5533935483871
2011 6 15.7338766666667
2011 7 15.943035483871
2011 8 12.5895161290323
2011 9 21.2700566666667
2011 10 13.6195612903226
2011 11 11.1937033333333
2011 12 9.74618709677419
2012 1 14.5755709677419
2012 2 17.4362137931034
2012 3 25.5188161290323
2012 4 17.97607
2012 5 13.9440806451613
2012 6 17.9870333333333
2012 7 22.3367451612903
2012 8 13.7411032258065
2012 9 14.8966066666667
2012 10 15.9311161290323
2012 11 14.6469433333333
2012 12 8.72103870967742
