1900 7.63577074116743
1901 6.17380350422427
1902 6.6418130952381
1903 11.9646039042499
1904 11.7366187455197
1905 15.0801342556324
1906 12.5846189036098
1907 16.1665606208397
1908 17.2376529912866
1909 17.1586573207885
1910 17.6971019150026
1911 15.9804831362007
1912 8.98437484797924
1913 8.71845080645161
1914 11.06559640553
1915 15.7525986123912
1916 20.0016894206526
1917 18.31911421915
1918 21.7422366705069
1919 22.7158793330773
1920 17.7914354353603
1921 16.8916878942652
1922 18.9823334043779
1923 10.5234169911674
1924 10.4192096307626
1925 13.3299612205581
1926 19.9633599027138
1927 16.6380476356887
1928 17.5792420012977
1929 19.293921484895
1930 28.6057708915771
1931 16.7068524283154
1932 18.9445341305154
1933 16.3366853782642
1934 13.3695257776498
1935 15.5885841545059
1936 16.212560966506
1937 19.0644806784434
1938 23.658821233999
1939 23.3525398783922
1940 23.415436050241
1941 24.9748645711726
1942 21.6962987583205
1943 25.6922979269073
1944 17.7435800812631
1945 16.2596199110343
1946 25.3278337941628
1947 25.2092802624168
1948 22.6201844345569
1949 21.1783132117256
1950 24.3606652048131
1951 28.7683352131336
1952 27.9356323634285
1953 22.2396643023554
1954 17.3048105331541
1955 17.5180374039939
1956 24.7560212968113
1957 29.798426812596
1958 27.6061379633897
1959 29.2099787019969
1960 31.9960440251514
1961 21.6291418618792
1962 20.8051259824629
1963 20.6548896511777
1964 16.5460293091089
1965 13.6092247375832
1966 16.7880127585765
1967 19.1016508960573
1968 21.8735322883451
1969 20.0610392978751
1970 19.9982455830773
1971 19.9523522939068
1972 21.0398909779385
1973 27.4084209703021
1974 31.2734592332309
1975 24.3205155901178
1976 22.9097921397231
1977 20.610985531874
1978 24.8844656816436
1979 21.7456119207629
1980 17.7668562235818
1981 24.1457764042499
1982 33.0118509293395
1983 28.6406350857655
1984 28.1170429359782
1985 21.8392585803891
1986 20.3870979915515
1987 18.3336919470046
1988 21.7778268860462
1989 30.1330169342038
1990 25.8563821902202
1991 33.1512986341526
1992 26.4785408466197
1993 24.6872008198925
1994 28.4909036904762
1995 21.261132530722
1996 17.9928713499567
1997 15.7209513415259
1998 20.5420255561956
1999 21.7086257354071
2000 24.5185117775924
2001 21.7098337800819
2002 21.9403364701741
2003 35.265363936892
2004 22.4826016691385
2005 22.5812661693548
2006 15.7647313626472
2007 14.5653621230159
2008 13.8203200744655
2009 8.48744386520737
2010 11.9470910695084
2011 14.43497874936
2012 16.4759448411816
