1900 12
1901 13
1902 10
1903  8
1904 11
1905 16
1906 23
1907 14
1908  9
1909 17
1910 22
1911 17
1912 13
1913 16
1914 17
1915 16
1916 21
1917 15
1918 16
1919  9
1920  7
1921 10
1922 11
1923 12
1924 12
1925 11
1926 16
1927 15
1928 12
1929 15
1930  7
1931 17
1932  9
1933 12
1934 16
1935 15
1936 15
1937 17
1938 15
1939 14
1940 18
1941 16
1942 16
1943 26
1944 18
1945 12
1946 18
1947 13
1948 15
1949 16
1950 22
1951  8
1952 10
1953 13
1954  9
1955  9
1956 11
1957 18
1958  8
1959 13
1960  7
1961  7
1962  7
1963 14
1964  9
1965  9
1966 12
1967 11
1968 19
1969 13
1970 15
1971 14
1972 10
1973  9
1974  8
1975 12
1976  8
1977  9
1978 10
1979 12
1980  6
1981  9
1982  9
1983 13
1984 13
1985  5
1986 10
1987 11
1988  5
1989  5
1990 14
1991  8
1992 11
1993  9
1994 10
1995 16
1996  9
1997 13
1998  8
1999 13
2000  9
2001 12
2002 10
2003 11
2004  9
2005  7
2006 11
2007 13
2008  9
2009 11
2010 16
2011 11
2012 11
