1900  1  3
1900  2  0
1900  3  0
1900  4  0
1900  5  1
1900  6  1
1900  7  1
1900  8  0
1900  9  1
1900 10  2
1900 11  2
1900 12  1
1901  1  2
1901  2  0
1901  3  0
1901  4  1
1901  5  1
1901  6  2
1901  7  0
1901  8  2
1901  9  0
1901 10  1
1901 11  1
1901 12  3
1902  1  3
1902  2  0
1902  3  0
1902  4  1
1902  5  1
1902  6  0
1902  7  0
1902  8  1
1902  9  2
1902 10  1
1902 11  0
1902 12  1
1903  1  3
1903  2  2
1903  3  0
1903  4  0
1903  5  1
1903  6  0
1903  7  0
1903  8  1
1903  9  0
1903 10  0
1903 11  0
1903 12  1
1904  1  1
1904  2  0
1904  3  1
1904  4  1
1904  5  1
1904  6  2
1904  7  0
1904  8  2
1904  9  0
1904 10  2
1904 11  0
1904 12  1
1905  1  1
1905  2  1
1905  3  3
1905  4  1
1905  5  0
1905  6  1
1905  7  3
1905  8  0
1905  9  3
1905 10  1
1905 11  0
1905 12  2
1906  1  2
1906  2  1
1906  3  1
1906  4  3
1906  5  0
1906  6  3
1906  7  0
1906  8  3
1906  9  2
1906 10  2
1906 11  1
1906 12  5
1907  1  2
1907  2  0
1907  3  2
1907  4  2
1907  5  2
1907  6  1
1907  7  0
1907  8  1
1907  9  1
1907 10  2
1907 11  0
1907 12  1
1908  1  1
1908  2  1
1908  3  0
1908  4  1
1908  5  1
1908  6  0
1908  7  0
1908  8  2
1908  9  0
1908 10  0
1908 11  0
1908 12  3
1909  1  1
1909  2  2
1909  3  1
1909  4  2
1909  5  2
1909  6  2
1909  7  1
1909  8  1
1909  9  1
1909 10  1
1909 11  2
1909 12  1
1910  1  2
1910  2  2
1910  3  2
1910  4  2
1910  5  1
1910  6  3
1910  7  0
1910  8  0
1910  9  4
1910 10  1
1910 11  2
1910 12  3
1911  1  1
1911  2  2
1911  3  0
1911  4  2
1911  5  1
1911  6  2
1911  7  2
1911  8  2
1911  9  3
1911 10  1
1911 11  1
1911 12  0
1912  1  1
1912  2  0
1912  3  0
1912  4  0
1912  5  2
1912  6  0
1912  7  2
1912  8  2
1912  9  1
1912 10  2
1912 11  1
1912 12  2
1913  1  1
1913  2  1
1913  3  2
1913  4  1
1913  5  2
1913  6  2
1913  7  0
1913  8  2
1913  9  0
1913 10  2
1913 11  2
1913 12  1
1914  1  2
1914  2  1
1914  3  2
1914  4  1
1914  5  1
1914  6  2
1914  7  1
1914  8  1
1914  9  0
1914 10  4
1914 11  2
1914 12  0
1915  1  2
1915  2  2
1915  3  2
1915  4  0
1915  5  1
1915  6  1
1915  7  1
1915  8  1
1915  9  1
1915 10  2
1915 11  2
1915 12  1
1916  1  1
1916  2  3
1916  3  0
1916  4  6
1916  5  0
1916  6  2
1916  7  2
1916  8  4
1916  9  2
1916 10  1
1916 11  0
1916 12  0
1917  1  1
1917  2  1
1917  3  1
1917  4  1
1917  5  2
1917  6  1
1917  7  4
1917  8  2
1917  9  0
1917 10  0
1917 11  1
1917 12  1
1918  1  1
1918  2  2
1918  3  0
1918  4  1
1918  5  2
1918  6  0
1918  7  2
1918  8  1
1918  9  1
1918 10  2
1918 11  3
1918 12  1
1919  1  1
1919  2  0
1919  3  2
1919  4  0
1919  5  2
1919  6  1
1919  7  0
1919  8  2
1919  9  0
1919 10  0
1919 11  0
1919 12  1
1920  1  1
1920  2  1
1920  3  1
1920  4  0
1920  5  0
1920  6  1
1920  7  0
1920  8  0
1920  9  1
1920 10  0
1920 11  0
1920 12  2
1921  1  0
1921  2  1
1921  3  1
1921  4  0
1921  5  0
1921  6  0
1921  7  1
1921  8  0
1921  9  2
1921 10  1
1921 11  2
1921 12  2
1922  1  4
1922  2  0
1922  3  2
1922  4  0
1922  5  0
1922  6  0
1922  7  0
1922  8  0
1922  9  0
1922 10  2
1922 11  2
1922 12  1
1923  1  0
1923  2  1
1923  3  3
1923  4  0
1923  5  1
1923  6  2
1923  7  1
1923  8  0
1923  9  2
1923 10  1
1923 11  1
1923 12  0
1924  1  1
1924  2  0
1924  3  1
1924  4  1
1924  5  3
1924  6  2
1924  7  2
1924  8  0
1924  9  0
1924 10  0
1924 11  0
1924 12  2
1925  1  1
1925  2  0
1925  3  2
1925  4  1
1925  5  2
1925  6  1
1925  7  0
1925  8  0
1925  9  0
1925 10  1
1925 11  3
1925 12  0
1926  1  1
1926  2  1
1926  3  2
1926  4  2
1926  5  0
1926  6  3
1926  7  0
1926  8  2
1926  9  1
1926 10  3
1926 11  1
1926 12  0
1927  1  0
1927  2  1
1927  3  2
1927  4  3
1927  5  1
1927  6  1
1927  7  0
1927  8  2
1927  9  0
1927 10  1
1927 11  3
1927 12  1
1928  1  0
1928  2  0
1928  3  4
1928  4  0
1928  5  2
1928  6  2
1928  7  0
1928  8  2
1928  9  0
1928 10  0
1928 11  0
1928 12  2
1929  1  1
1929  2  2
1929  3  1
1929  4  0
1929  5  2
1929  6  4
1929  7  1
1929  8  0
1929  9  0
1929 10  1
1929 11  2
1929 12  1
1930  1  0
1930  2  0
1930  3  0
1930  4  0
1930  5  1
1930  6  1
1930  7  1
1930  8  0
1930  9  0
1930 10  1
1930 11  0
1930 12  3
1931  1  3
1931  2  2
1931  3  3
1931  4  0
1931  5  1
1931  6  0
1931  7  0
1931  8  3
1931  9  2
1931 10  2
1931 11  1
1931 12  0
1932  1  2
1932  2  0
1932  3  0
1932  4  0
1932  5  2
1932  6  1
1932  7  0
1932  8  0
1932  9  1
1932 10  0
1932 11  0
1932 12  3
1933  1  2
1933  2  1
1933  3  2
1933  4  0
1933  5  0
1933  6  1
1933  7  0
1933  8  2
1933  9  1
1933 10  1
1933 11  1
1933 12  1
1934  1  1
1934  2  3
1934  3  2
1934  4  1
1934  5  1
1934  6  2
1934  7  3
1934  8  0
1934  9  0
1934 10  1
1934 11  0
1934 12  2
1935  1  1
1935  2  1
1935  3  0
1935  4  2
1935  5  1
1935  6  1
1935  7  1
1935  8  2
1935  9  2
1935 10  0
1935 11  0
1935 12  4
1936  1  1
1936  2  1
1936  3  0
1936  4  2
1936  5  1
1936  6  2
1936  7  2
1936  8  2
1936  9  1
1936 10  1
1936 11  2
1936 12  0
1937  1  3
1937  2  1
1937  3  0
1937  4  1
1937  5  0
1937  6  1
1937  7  4
1937  8  2
1937  9  3
1937 10  0
1937 11  1
1937 12  1
1938  1  1
1938  2  1
1938  3  0
1938  4  0
1938  5  4
1938  6  3
1938  7  0
1938  8  1
1938  9  1
1938 10  2
1938 11  2
1938 12  0
1939  1  2
1939  2  0
1939  3  2
1939  4  2
1939  5  1
1939  6  1
1939  7  0
1939  8  1
1939  9  0
1939 10  1
1939 11  0
1939 12  4
1940  1  2
1940  2  1
1940  3  0
1940  4  1
1940  5  3
1940  6  0
1940  7  2
1940  8  2
1940  9  3
1940 10  2
1940 11  1
1940 12  1
1941  1  0
1941  2  1
1941  3  0
1941  4  3
1941  5  1
1941  6  1
1941  7  0
1941  8  0
1941  9  1
1941 10  0
1941 11  5
1941 12  4
1942  1  2
1942  2  0
1942  3  1
1942  4  1
1942  5  1
1942  6  3
1942  7  1
1942  8  2
1942  9  0
1942 10  1
1942 11  3
1942 12  1
1943  1  0
1943  2  2
1943  3  2
1943  4  2
1943  5  3
1943  6  2
1943  7  2
1943  8  0
1943  9  4
1943 10  1
1943 11  6
1943 12  2
1944  1  0
1944  2  2
1944  3  3
1944  4  1
1944  5  2
1944  6  2
1944  7  1
1944  8  0
1944  9  1
1944 10  1
1944 11  3
1944 12  2
1945  1  0
1945  2  2
1945  3  1
1945  4  1
1945  5  0
1945  6  1
1945  7  1
1945  8  1
1945  9  1
1945 10  1
1945 11  1
1945 12  2
1946  1  2
1946  2  0
1946  3  0
1946  4  2
1946  5  1
1946  6  1
1946  7  0
1946  8  3
1946  9  3
1946 10  0
1946 11  5
1946 12  1
1947  1  2
1947  2  0
1947  3  2
1947  4  1
1947  5  2
1947  6  1
1947  7  1
1947  8  0
1947  9  1
1947 10  1
1947 11  2
1947 12  0
1948  1  3
1948  2  0
1948  3  2
1948  4  0
1948  5  3
1948  6  1
1948  7  1
1948  8  0
1948  9  2
1948 10  1
1948 11  2
1948 12  0
1949  1  0
1949  2  1
1949  3  1
1949  4  5
1949  5  2
1949  6  1
1949  7  2
1949  8  1
1949  9  0
1949 10  1
1949 11  0
1949 12  2
1950  1  1
1950  2  2
1950  3  1
1950  4  0
1950  5  1
1950  6  0
1950  7  3
1950  8  3
1950  9  1
1950 10  3
1950 11  2
1950 12  5
1951  1  0
1951  2  2
1951  3  2
1951  4  0
1951  5  1
1951  6  0
1951  7  0
1951  8  0
1951  9  0
1951 10  1
1951 11  1
1951 12  1
1952  1  0
1952  2  1
1952  3  2
1952  4  0
1952  5  0
1952  6  1
1952  7  1
1952  8  0
1952  9  1
1952 10  0
1952 11  2
1952 12  2
1953  1  0
1953  2  1
1953  3  2
1953  4  1
1953  5  1
1953  6  1
1953  7  1
1953  8  1
1953  9  1
1953 10  0
1953 11  2
1953 12  2
1954  1  0
1954  2  3
1954  3  3
1954  4  1
1954  5  0
1954  6  0
1954  7  0
1954  8  0
1954  9  1
1954 10  0
1954 11  0
1954 12  1
1955  1  1
1955  2  1
1955  3  1
1955  4  2
1955  5  2
1955  6  0
1955  7  0
1955  8  1
1955  9  0
1955 10  1
1955 11  0
1955 12  0
1956  1  1
1956  2  2
1956  3  0
1956  4  0
1956  5  1
1956  6  1
1956  7  3
1956  8  0
1956  9  0
1956 10  2
1956 11  0
1956 12  1
1957  1  0
1957  2  1
1957  3  2
1957  4  4
1957  5  1
1957  6  2
1957  7  3
1957  8  0
1957  9  2
1957 10  0
1957 11  1
1957 12  2
1958  1  2
1958  2  0
1958  3  1
1958  4  1
1958  5  1
1958  6  0
1958  7  2
1958  8  0
1958  9  0
1958 10  0
1958 11  1
1958 12  0
1959  1  1
1959  2  0
1959  3  1
1959  4  1
1959  5  2
1959  6  1
1959  7  1
1959  8  3
1959  9  2
1959 10  0
1959 11  1
1959 12  0
1960  1  1
1960  2  0
1960  3  2
1960  4  0
1960  5  1
1960  6  0
1960  7  0
1960  8  0
1960  9  0
1960 10  0
1960 11  2
1960 12  1
1961  1  1
1961  2  1
1961  3  1
1961  4  0
1961  5  0
1961  6  0
1961  7  1
1961  8  1
1961  9  2
1961 10  0
1961 11  0
1961 12  0
1962  1  0
1962  2  0
1962  3  1
1962  4  1
1962  5  2
1962  6  0
1962  7  1
1962  8  1
1962  9  0
1962 10  0
1962 11  0
1962 12  1
1963  1  0
1963  2  2
1963  3  4
1963  4  1
1963  5  0
1963  6  0
1963  7  0
1963  8  1
1963  9  1
1963 10  1
1963 11  2
1963 12  2
1964  1  0
1964  2  1
1964  3  1
1964  4  1
1964  5  1
1964  6  1
1964  7  1
1964  8  1
1964  9  0
1964 10  1
1964 11  1
1964 12  0
1965  1  1
1965  2  1
1965  3  2
1965  4  0
1965  5  1
1965  6  0
1965  7  0
1965  8  1
1965  9  2
1965 10  0
1965 11  1
1965 12  0
1966  1  0
1966  2  0
1966  3  3
1966  4  0
1966  5  0
1966  6  3
1966  7  0
1966  8  1
1966  9  1
1966 10  2
1966 11  0
1966 12  2
1967  1  1
1967  2  2
1967  3  2
1967  4  0
1967  5  0
1967  6  0
1967  7  1
1967  8  1
1967  9  0
1967 10  1
1967 11  1
1967 12  2
1968  1  0
1968  2  3
1968  3  0
1968  4  1
1968  5  4
1968  6  0
1968  7  1
1968  8  7
1968  9  1
1968 10  2
1968 11  0
1968 12  0
1969  1  2
1969  2  4
1969  3  0
1969  4  0
1969  5  1
1969  6  0
1969  7  1
1969  8  2
1969  9  0
1969 10  0
1969 11  2
1969 12  1
1970  1  4
1970  2  0
1970  3  0
1970  4  2
1970  5  1
1970  6  2
1970  7  1
1970  8  2
1970  9  0
1970 10  1
1970 11  0
1970 12  2
1971  1  2
1971  2  2
1971  3  0
1971  4  0
1971  5  2
1971  6  1
1971  7  3
1971  8  2
1971  9  1
1971 10  0
1971 11  1
1971 12  0
1972  1  1
1972  2  2
1972  3  1
1972  4  1
1972  5  1
1972  6  1
1972  7  1
1972  8  0
1972  9  0
1972 10  0
1972 11  1
1972 12  1
1973  1  1
1973  2  2
1973  3  1
1973  4  0
1973  5  0
1973  6  1
1973  7  0
1973  8  1
1973  9  1
1973 10  1
1973 11  0
1973 12  1
1974  1  0
1974  2  0
1974  3  0
1974  4  0
1974  5  0
1974  6  0
1974  7  3
1974  8  1
1974  9  0
1974 10  4
1974 11  0
1974 12  0
1975  1  0
1975  2  2
1975  3  0
1975  4  0
1975  5  2
1975  6  0
1975  7  2
1975  8  0
1975  9  0
1975 10  3
1975 11  2
1975 12  1
1976  1  1
1976  2  1
1976  3  0
1976  4  0
1976  5  0
1976  6  2
1976  7  1
1976  8  1
1976  9  0
1976 10  0
1976 11  2
1976 12  0
1977  1  0
1977  2  0
1977  3  2
1977  4  1
1977  5  0
1977  6  1
1977  7  0
1977  8  3
1977  9  0
1977 10  1
1977 11  1
1977 12  0
1978  1  0
1978  2  0
1978  3  2
1978  4  0
1978  5  0
1978  6  2
1978  7  1
1978  8  0
1978  9  1
1978 10  0
1978 11  2
1978 12  2
1979  1  0
1979  2  2
1979  3  1
1979  4  1
1979  5  1
1979  6  0
1979  7  1
1979  8  0
1979  9  1
1979 10  2
1979 11  2
1979 12  1
1980  1  0
1980  2  0
1980  3  0
1980  4  1
1980  5  0
1980  6  0
1980  7  2
1980  8  0
1980  9  0
1980 10  2
1980 11  1
1980 12  0
1981  1  1
1981  2  0
1981  3  0
1981  4  0
1981  5  1
1981  6  0
1981  7  3
1981  8  0
1981  9  1
1981 10  2
1981 11  0
1981 12  1
1982  1  2
1982  2  0
1982  3  0
1982  4  0
1982  5  1
1982  6  3
1982  7  2
1982  8  0
1982  9  0
1982 10  0
1982 11  0
1982 12  1
1983  1  1
1983  2  0
1983  3  1
1983  4  3
1983  5  1
1983  6  0
1983  7  0
1983  8  1
1983  9  0
1983 10  2
1983 11  2
1983 12  2
1984  1  1
1984  2  1
1984  3  4
1984  4  0
1984  5  1
1984  6  0
1984  7  0
1984  8  1
1984  9  0
1984 10  1
1984 11  4
1984 12  0
1985  1  0
1985  2  0
1985  3  1
1985  4  0
1985  5  1
1985  6  0
1985  7  0
1985  8  0
1985  9  1
1985 10  0
1985 11  1
1985 12  1
1986  1  1
1986  2  0
1986  3  0
1986  4  0
1986  5  2
1986  6  2
1986  7  0
1986  8  2
1986  9  0
1986 10  2
1986 11  1
1986 12  0
1987  1  1
1987  2  1
1987  3  2
1987  4  0
1987  5  0
1987  6  1
1987  7  0
1987  8  1
1987  9  1
1987 10  3
1987 11  1
1987 12  0
1988  1  0
1988  2  1
1988  3  0
1988  4  1
1988  5  0
1988  6  0
1988  7  0
1988  8  2
1988  9  0
1988 10  0
1988 11  1
1988 12  0
1989  1  0
1989  2  0
1989  3  0
1989  4  0
1989  5  2
1989  6  0
1989  7  0
1989  8  0
1989  9  1
1989 10  0
1989 11  1
1989 12  1
1990  1  0
1990  2  0
1990  3  3
1990  4  2
1990  5  3
1990  6  2
1990  7  2
1990  8  0
1990  9  0
1990 10  0
1990 11  1
1990 12  1
1991  1  0
1991  2  0
1991  3  0
1991  4  2
1991  5  0
1991  6  1
1991  7  0
1991  8  1
1991  9  0
1991 10  1
1991 11  1
1991 12  2
1992  1  0
1992  2  0
1992  3  0
1992  4  1
1992  5  2
1992  6  1
1992  7  1
1992  8  1
1992  9  1
1992 10  2
1992 11  0
1992 12  2
1993  1  1
1993  2  0
1993  3  1
1993  4  0
1993  5  1
1993  6  1
1993  7  1
1993  8  2
1993  9  1
1993 10  0
1993 11  0
1993 12  1
1994  1  0
1994  2  0
1994  3  2
1994  4  0
1994  5  0
1994  6  2
1994  7  2
1994  8  0
1994  9  1
1994 10  1
1994 11  1
1994 12  1
1995  1  0
1995  2  1
1995  3  0
1995  4  2
1995  5  2
1995  6  0
1995  7  2
1995  8  2
1995  9  1
1995 10  4
1995 11  1
1995 12  1
1996  1  1
1996  2  3
1996  3  0
1996  4  1
1996  5  0
1996  6  2
1996  7  0
1996  8  1
1996  9  0
1996 10  0
1996 11  1
1996 12  0
1997  1  1
1997  2  1
1997  3  0
1997  4  1
1997  5  2
1997  6  0
1997  7  0
1997  8  0
1997  9  0
1997 10  3
1997 11  3
1997 12  2
1998  1  0
1998  2  0
1998  3  2
1998  4  1
1998  5  1
1998  6  0
1998  7  1
1998  8  1
1998  9  0
1998 10  0
1998 11  2
1998 12  0
1999  1  1
1999  2  0
1999  3  1
1999  4  2
1999  5  2
1999  6  0
1999  7  0
1999  8  1
1999  9  2
1999 10  1
1999 11  1
1999 12  2
2000  1  1
2000  2  1
2000  3  1
2000  4  0
2000  5  1
2000  6  2
2000  7  0
2000  8  1
2000  9  0
2000 10  0
2000 11  1
2000 12  1
2001  1  4
2001  2  1
2001  3  0
2001  4  0
2001  5  0
2001  6  2
2001  7  0
2001  8  1
2001  9  0
2001 10  2
2001 11  1
2001 12  1
2002  1  1
2002  2  0
2002  3  2
2002  4  0
2002  5  0
2002  6  1
2002  7  0
2002  8  2
2002  9  1
2002 10  1
2002 11  2
2002 12  0
2003  1  2
2003  2  0
2003  3  0
2003  4  0
2003  5  1
2003  6  1
2003  7  1
2003  8  2
2003  9  2
2003 10  0
2003 11  1
2003 12  1
2004  1  0
2004  2  1
2004  3  0
2004  4  0
2004  5  0
2004  6  0
2004  7  2
2004  8  0
2004  9  1
2004 10  0
2004 11  3
2004 12  2
2005  1  0
2005  2  1
2005  3  1
2005  4  0
2005  5  0
2005  6  2
2005  7  0
2005  8  0
2005  9  2
2005 10  1
2005 11  0
2005 12  0
2006  1  3
2006  2  1
2006  3  0
2006  4  1
2006  5  2
2006  6  0
2006  7  1
2006  8  1
2006  9  0
2006 10  0
2006 11  1
2006 12  1
2007  1  1
2007  2  0
2007  3  0
2007  4  1
2007  5  0
2007  6  0
2007  7  0
2007  8  3
2007  9  3
2007 10  1
2007 11  2
2007 12  2
2008  1  0
2008  2  0
2008  3  1
2008  4  2
2008  5  1
2008  6  1
2008  7  2
2008  8  0
2008  9  1
2008 10  0
2008 11  1
2008 12  0
2009  1  1
2009  2  1
2009  3  1
2009  4  0
2009  5  1
2009  6  0
2009  7  1
2009  8  2
2009  9  2
2009 10  1
2009 11  1
2009 12  0
2010  1  1
2010  2  2
2010  3  0
2010  4  2
2010  5  0
2010  6  2
2010  7  2
2010  8  2
2010  9  2
2010 10  1
2010 11  0
2010 12  2
2011  1  3
2011  2  0
2011  3  1
2011  4  0
2011  5  0
2011  6  1
2011  7  1
2011  8  1
2011  9  2
2011 10  1
2011 11  0
2011 12  1
2012  1  0
2012  2  0
2012  3  1
2012  4  2
2012  5  0
2012  6  0
2012  7  0
2012  8  3
2012  9  2
2012 10  1
2012 11  1
2012 12  1
