1900   0
1901   0
1902   0
1903  25
1904  50
1905  75
1906  50
1907  50
1908  50
1909  50
1910  25
1911   0
1912   0
1913   0
1914   0
1915  50
1916  50
1917 100
1918  75
1919  75
1920  50
1921  25
1922  25
1923   0
1924  25
1925  50
1926  75
1927  75
1928  75
1929  75
1930  25
1931  25
1932  25
1933   0
1934   0
1935  50
1936 100
1937 125
1938 125
1939 100
1940  75
1941  50
1942  25
1943  25
1944   0
1945  25
1946 100
1947 150
1948 125
1949 125
1950  75
1951  50
1952  25
1953  25
1954   0
1955  50
1956 125
1957 175
1958 175
1959 150
1960 100
1961  50
1962  25
1963  25
1964   0
1965  25
1966  50
1967 100
1968 100
1969 100
1970 100
1971  75
1972  75
1973  50
1974  25
1975  25
1976  25
1977  25
1978 100
1979 150
1980 150
1981 150
1982 125
1983  75
1984  50
1985  25
1986   0
1987  25
1988 100
1989 150
1990 150
1991 150
1992 100
1993  50
1994  25
1995  25
1996   0
1997  25
1998  75
1999 100
2000 125
2001 100
2002 100
2003  75
2004  50
2005  25
2006  25
2007   0
2008   0
2009   0
2010  25
2011  50
2012  50
