1900   9
1901   3
1902   5
1903  24
1904  42
1905  63
1906  54
1907  62
1908  49
1909  44
1910  19
1911   6
1912   4
1913   1
1914  10
1915  47
1916  57
1917 104
1918  81
1919  64
1920  38
1921  26
1922  14
1923   6
1924  17
1925  44
1926  64
1927  69
1928  78
1929  65
1930  36
1931  21
1932  14
1933   6
1934  10
1935  43
1936  89
1937 121
1938 114
1939  97
1940  72
1941  50
1942  33
1943  16
1944  11
1945  37
1946  95
1947 145
1948 127
1949 129
1950  76
1951  58
1952  30
1953  14
1954   4
1955  38
1956 126
1957 166
1958 175
1959 150
1960 104
1961  49
1962  31
1963  24
1964  10
1965  15
1966  44
1967  96
1968  98
1969  96
1970 108
1971  73
1972  72
1973  39
1974  34
1975  15
1976  14
1977  30
1978 103
1979 156
1980 141
1981 141
1982 116
1983  72
1984  44
1985  17
1986  12
1987  28
1988  89
1989 148
1990 149
1991 146
1992  96
1993  54
1994  36
1995  19
1996   9
1997  22
1998  64
1999  93
2000 120
2001 111
2002 104
2003  64
2004  40
2005  30
2006  15
2007   8
2008   3
2009   3
2010  16
2011  56
2012  58
