1900  10
1901   5
1902   5
1903  25
1904  40
1905  65
1906  55
1907  60
1908  50
1909  45
1910  20
1911   5
1912   5
1913   0
1914  10
1915  45
1916  55
1917 105
1918  80
1919  65
1920  40
1921  25
1922  15
1923   5
1924  15
1925  45
1926  65
1927  70
1928  80
1929  65
1930  35
1931  20
1932  15
1933   5
1934  10
1935  45
1936  90
1937 120
1938 115
1939  95
1940  70
1941  50
1942  35
1943  15
1944  10
1945  35
1946  95
1947 145
1948 125
1949 130
1950  75
1951  60
1952  30
1953  15
1954   5
1955  40
1956 125
1957 165
1958 175
1959 150
1960 105
1961  50
1962  30
1963  25
1964  10
1965  15
1966  45
1967  95
1968 100
1969  95
1970 110
1971  75
1972  70
1973  40
1974  35
1975  15
1976  15
1977  30
1978 105
1979 155
1980 140
1981 140
1982 115
1983  70
1984  45
1985  15
1986  10
1987  30
1988  90
1989 150
1990 150
1991 145
1992  95
1993  55
1994  35
1995  20
1996  10
1997  20
1998  65
1999  95
2000 120
2001 110
2002 105
2003  65
2004  40
2005  30
2006  15
2007  10
2008   5
2009   5
2010  15
2011  55
2012  60
