1900  1 9.4
1900  2 13.6
1900  3 8.6
1900  4 16.0
1900  5 15.2
1900  6 12.1
1900  7 8.3
1900  8 4.3
1900  9 8.3
1900 10 12.9
1900 11 4.5
1900 12 0.3
1901  1 0.2
1901  2 2.4
1901  3 4.5
1901  4 0.0
1901  5 10.2
1901  6 5.8
1901  7 0.7
1901  8 1.0
1901  9 0.6
1901 10 3.7
1901 11 3.8
1901 12 0.0
1902  1 5.5
1902  2 0.0
1902  3 12.4
1902  4 0.0
1902  5 2.8
1902  6 1.4
1902  7 0.9
1902  8 2.3
1902  9 7.6
1902 10 16.3
1902 11 10.3
1902 12 1.1
1903  1 8.3
1903  2 17.0
1903  3 13.5
1903  4 26.1
1903  5 14.6
1903  6 16.3
1903  7 27.9
1903  8 28.8
1903  9 11.1
1903 10 38.9
1903 11 44.5
1903 12 45.6
1904  1 31.6
1904  2 24.5
1904  3 37.2
1904  4 43.0
1904  5 39.5
1904  6 41.9
1904  7 50.6
1904  8 58.2
1904  9 30.1
1904 10 54.2
1904 11 38.0
1904 12 54.6
1905  1 54.8
1905  2 85.8
1905  3 56.5
1905  4 39.3
1905  5 48.0
1905  6 49.0
1905  7 73.0
1905  8 58.8
1905  9 55.0
1905 10 78.7
1905 11 107.2
1905 12 55.5
1906  1 45.5
1906  2 31.3
1906  3 64.5
1906  4 55.3
1906  5 57.7
1906  6 63.2
1906  7 103.6
1906  8 47.7
1906  9 56.1
1906 10 17.8
1906 11 38.9
1906 12 64.7
1907  1 76.4
1907  2 108.2
1907  3 60.7
1907  4 52.6
1907  5 42.9
1907  6 40.4
1907  7 49.7
1907  8 54.3
1907  9 85.0
1907 10 65.4
1907 11 61.5
1907 12 47.3
1908  1 39.2
1908  2 33.9
1908  3 28.7
1908  4 57.6
1908  5 40.8
1908  6 48.1
1908  7 39.5
1908  8 90.5
1908  9 86.9
1908 10 32.3
1908 11 45.5
1908 12 39.5
1909  1 56.7
1909  2 46.6
1909  3 66.3
1909  4 32.3
1909  5 36.0
1909  6 22.6
1909  7 35.8
1909  8 23.1
1909  9 38.8
1909 10 58.4
1909 11 55.8
1909 12 54.2
1910  1 26.4
1910  2 31.5
1910  3 21.4
1910  4 8.4
1910  5 22.2
1910  6 12.3
1910  7 14.1
1910  8 11.5
1910  9 26.2
1910 10 38.3
1910 11 4.9
1910 12 5.8
1911  1 3.4
1911  2 9.0
1911  3 7.8
1911  4 16.5
1911  5 9.0
1911  6 2.2
1911  7 3.5
1911  8 4.0
1911  9 4.0
1911 10 2.6
1911 11 4.2
1911 12 2.2
1912  1 0.3
1912  2 0.0
1912  3 4.9
1912  4 4.5
1912  5 4.4
1912  6 4.1
1912  7 3.0
1912  8 0.3
1912  9 9.5
1912 10 4.6
1912 11 1.1
1912 12 6.4
1913  1 2.3
1913  2 2.9
1913  3 0.5
1913  4 0.9
1913  5 0.0
1913  6 0.0
1913  7 1.7
1913  8 0.2
1913  9 1.2
1913 10 3.1
1913 11 0.7
1913 12 3.8
1914  1 2.8
1914  2 2.6
1914  3 3.1
1914  4 17.3
1914  5 5.2
1914  6 11.4
1914  7 5.4
1914  8 7.7
1914  9 12.7
1914 10 8.2
1914 11 16.4
1914 12 22.3
1915  1 23.0
1915  2 42.3
1915  3 38.8
1915  4 41.3
1915  5 33.0
1915  6 68.8
1915  7 71.6
1915  8 69.6
1915  9 49.5
1915 10 53.5
1915 11 42.5
1915 12 34.5
1916  1 45.3
1916  2 55.4
1916  3 67.0
1916  4 71.8
1916  5 74.5
1916  6 67.7
1916  7 53.5
1916  8 35.2
1916  9 45.1
1916 10 50.7
1916 11 65.6
1916 12 53.0
1917  1 74.7
1917  2 71.9
1917  3 94.8
1917  4 74.7
1917  5 114.1
1917  6 114.9
1917  7 119.8
1917  8 154.5
1917  9 129.4
1917 10 72.2
1917 11 96.4
1917 12 129.3
1918  1 96.0
1918  2 65.3
1918  3 72.2
1918  4 80.5
1918  5 76.7
1918  6 59.4
1918  7 107.6
1918  8 101.7
1918  9 79.9
1918 10 85.0
1918 11 83.4
1918 12 59.2
1919  1 48.1
1919  2 79.5
1919  3 66.5
1919  4 51.8
1919  5 88.1
1919  6 111.2
1919  7 64.7
1919  8 69.0
1919  9 54.7
1919 10 52.8
1919 11 42.0
1919 12 34.9
1920  1 51.1
1920  2 53.9
1920  3 70.2
1920  4 14.8
1920  5 33.3
1920  6 38.7
1920  7 27.5
1920  8 19.2
1920  9 36.3
1920 10 49.6
1920 11 27.2
1920 12 29.9
1921  1 31.5
1921  2 28.3
1921  3 26.7
1921  4 32.4
1921  5 22.2
1921  6 33.7
1921  7 41.9
1921  8 22.8
1921  9 17.8
1921 10 18.2
1921 11 17.8
1921 12 20.3
1922  1 11.8
1922  2 26.4
1922  3 54.7
1922  4 11.0
1922  5 8.0
1922  6 5.8
1922  7 10.9
1922  8 6.5
1922  9 4.7
1922 10 6.2
1922 11 7.4
1922 12 17.5
1923  1 4.5
1923  2 1.5
1923  3 3.3
1923  4 6.1
1923  5 3.2
1923  6 9.1
1923  7 3.5
1923  8 0.5
1923  9 13.2
1923 10 11.6
1923 11 10.0
1923 12 2.8
1924  1 0.5
1924  2 5.1
1924  3 1.8
1924  4 11.3
1924  5 20.8
1924  6 24.0
1924  7 28.1
1924  8 19.3
1924  9 25.1
1924 10 25.6
1924 11 22.5
1924 12 16.5
1925  1 5.5
1925  2 23.2
1925  3 18.0
1925  4 31.7
1925  5 42.8
1925  6 47.5
1925  7 38.5
1925  8 37.9
1925  9 60.2
1925 10 69.2
1925 11 58.6
1925 12 98.6
1926  1 71.8
1926  2 69.9
1926  3 62.5
1926  4 38.5
1926  5 64.3
1926  6 73.5
1926  7 52.3
1926  8 61.6
1926  9 60.8
1926 10 71.5
1926 11 60.5
1926 12 79.4
1927  1 81.6
1927  2 93.0
1927  3 69.6
1927  4 93.5
1927  5 79.1
1927  6 59.1
1927  7 54.9
1927  8 53.8
1927  9 68.4
1927 10 63.1
1927 11 67.2
1927 12 45.2
1928  1 83.5
1928  2 73.5
1928  3 85.4
1928  4 80.6
1928  5 77.0
1928  6 91.4
1928  7 98.0
1928  8 83.8
1928  9 89.7
1928 10 61.4
1928 11 50.3
1928 12 59.0
1929  1 68.9
1929  2 62.8
1929  3 50.2
1929  4 52.8
1929  5 58.2
1929  6 71.9
1929  7 70.2
1929  8 65.8
1929  9 34.4
1929 10 54.0
1929 11 81.1
1929 12 108.0
1930  1 65.3
1930  2 49.9
1930  3 35.0
1930  4 38.2
1930  5 36.8
1930  6 28.8
1930  7 21.9
1930  8 24.9
1930  9 32.1
1930 10 34.4
1930 11 35.6
1930 12 25.8
1931  1 14.6
1931  2 43.1
1931  3 30.0
1931  4 31.2
1931  5 24.6
1931  6 15.3
1931  7 17.4
1931  8 13.0
1931  9 19.0
1931 10 10.0
1931 11 18.7
1931 12 17.8
1932  1 18.0
1932  2 11.9
1932  3 13.9
1932  4 10.0
1932  5 24.2
1932  6 25.3
1932  7 12.7
1932  8 9.8
1932  9 5.6
1932 10 12.8
1932 11 6.2
1932 12 11.6
1933  1 15.5
1933  2 15.8
1933  3 11.4
1933  4 3.0
1933  5 4.3
1933  6 6.6
1933  7 4.3
1933  8 0.5
1933  9 6.1
1933 10 3.1
1933 11 0.4
1933 12 0.4
1934  1 4.2
1934  2 10.7
1934  3 5.8
1934  4 11.6
1934  5 18.1
1934  6 7.1
1934  7 13.8
1934  8 9.5
1934  9 5.9
1934 10 8.7
1934 11 10.0
1934 12 19.8
1935  1 23.0
1935  2 23.1
1935  3 28.0
1935  4 15.3
1935  5 34.3
1935  6 49.6
1935  7 37.5
1935  8 39.2
1935  9 54.1
1935 10 73.5
1935 11 66.9
1935 12 69.6
1936  1 65.7
1936  2 87.8
1936  3 83.4
1936  4 90.7
1936  5 71.7
1936  6 79.9
1936  7 60.2
1936  8 92.4
1936  9 88.2
1936 10 98.6
1936 11 114.5
1936 12 133.2
1937  1 143.5
1937  2 154.5
1937  3 104.0
1937  4 103.6
1937  5 119.9
1937  6 121.2
1937  7 139.6
1937  8 143.7
1937  9 116.5
1937 10 114.3
1937 11 95.7
1937 12 90.7
1938  1 96.4
1938  2 110.5
1938  3 86.2
1938  4 104.9
1938  5 138.4
1938  6 109.3
1938  7 153.2
1938  8 140.0
1938  9 95.2
1938 10 105.7
1938 11 117.5
1938 12 105.7
1939  1 102.4
1939  2 93.2
1939  3 76.5
1939  4 123.8
1939  5 137.5
1939  6 119.1
1939  7 89.8
1939  8 98.5
1939  9 101.5
1939 10 92.9
1939 11 73.2
1939 12 59.4
1940  1 49.3
1940  2 63.7
1940  3 87.3
1940  4 75.6
1940  5 59.1
1940  6 84.4
1940  7 76.2
1940  8 92.1
1940  9 65.5
1940 10 57.2
1940 11 69.9
1940 12 79.8
1941  1 53.3
1941  2 54.6
1941  3 55.1
1941  4 37.7
1941  5 36.8
1941  6 57.0
1941  7 62.5
1941  8 63.5
1941  9 57.2
1941 10 44.8
1941 11 36.8
1941 12 39.3
1942  1 40.5
1942  2 52.4
1942  3 49.0
1942  4 62.5
1942  5 30.9
1942  6 13.5
1942  7 17.8
1942  8 24.3
1942  9 21.6
1942 10 22.2
1942 11 30.6
1942 12 27.9
1943  1 16.0
1943  2 23.4
1943  3 20.8
1943  4 20.7
1943  5 15.7
1943  6 10.4
1943  7 11.6
1943  8 25.1
1943  9 8.4
1943 10 8.1
1943 11 10.8
1943 12 15.1
1944  1 4.4
1944  2 0.6
1944  3 10.7
1944  4 0.0
1944  5 1.8
1944  6 7.0
1944  7 5.6
1944  8 21.1
1944  9 11.5
1944 10 21.8
1944 11 13.8
1944 12 30.5
1945  1 26.3
1945  2 15.3
1945  3 21.4
1945  4 30.9
1945  5 38.6
1945  6 42.4
1945  7 44.2
1945  8 29.5
1945  9 37.5
1945 10 69.7
1945 11 59.3
1945 12 32.4
1946  1 51.9
1946  2 91.1
1946  3 84.4
1946  4 86.9
1946  5 86.2
1946  6 85.1
1946  7 97.7
1946  8 102.7
1946  9 102.3
1946 10 119.8
1946 11 126.6
1946 12 108.7
1947  1 119.0
1947  2 124.6
1947  3 127.6
1947  4 137.8
1947  5 182.4
1947  6 152.7
1947  7 150.0
1947  8 161.0
1947  9 157.1
1947 10 158.2
1947 11 147.1
1947 12 121.3
1948  1 127.0
1948  2 100.3
1948  3 95.5
1948  4 168.0
1948  5 142.6
1948  6 139.1
1948  7 126.6
1948  8 150.1
1948  9 125.2
1948 10 125.9
1948 11 103.7
1948 12 125.5
1949  1 118.3
1949  2 157.7
1949  3 162.4
1949  4 148.9
1949  5 115.8
1949  6 116.1
1949  7 118.7
1949  8 110.0
1949  9 127.7
1949 10 118.0
1949 11 135.5
1949 12 122.1
1950  1 97.1
1950  2 85.6
1950  3 111.4
1950  4 88.3
1950  5 94.3
1950  6 75.8
1950  7 75.5
1950  8 78.0
1950  9 52.7
1950 10 54.8
1950 11 50.3
1950 12 47.9
1951  1 46.8
1951  2 52.6
1951  3 52.1
1951  4 67.2
1951  5 81.4
1951  6 64.3
1951  7 61.7
1951  8 52.3
1951  9 74.3
1951 10 48.8
1951 11 61.1
1951 12 37.1
1952  1 38.3
1952  2 21.2
1952  3 21.9
1952  4 26.9
1952  5 23.5
1952  6 41.2
1952  7 34.3
1952  8 52.5
1952  9 28.7
1952 10 20.5
1952 11 16.0
1952 12 30.4
1953  1 27.4
1953  2 4.7
1953  3 10.5
1953  4 23.6
1953  5 12.1
1953  6 19.9
1953  7 6.4
1953  8 23.6
1953  9 23.4
1953 10 7.4
1953 11 1.8
1953 12 2.3
1954  1 0.0
1954  2 0.5
1954  3 5.8
1954  4 2.7
1954  5 0.4
1954  6 0.0
1954  7 6.0
1954  8 8.7
1954  9 0.7
1954 10 9.5
1954 11 10.9
1954 12 7.7
1955  1 24.8
1955  2 23.8
1955  3 6.1
1955  4 14.5
1955  5 26.6
1955  6 22.6
1955  7 32.9
1955  8 37.1
1955  9 53.6
1955 10 62.4
1955 11 79.4
1955 12 73.0
1956  1 68.3
1956  2 111.0
1956  3 120.9
1956  4 121.5
1956  5 117.8
1956  6 105.0
1956  7 116.0
1956  8 154.3
1956  9 164.9
1956 10 133.2
1956 11 144.9
1956 12 155.9
1957  1 145.2
1957  2 128.5
1957  3 145.4
1957  4 159.6
1957  5 139.5
1957  6 157.6
1957  7 168.9
1957  8 141.3
1957  9 164.1
1957 10 222.1
1957 11 199.8
1957 12 219.0
1958  1 220.0
1958  2 162.7
1958  3 156.9
1958  4 187.8
1958  5 184.8
1958  6 155.8
1958  7 167.0
1958  8 181.6
1958  9 188.0
1958 10 173.8
1958 11 146.7
1958 12 176.5
1959  1 212.6
1959  2 144.8
1959  3 174.2
1959  4 160.1
1959  5 145.2
1959  6 159.6
1959  7 142.0
1959  8 170.6
1959  9 139.9
1959 10 117.5
1959 11 110.6
1959 12 117.2
1960  1 146.4
1960  2 100.3
1960  3 99.0
1960  4 98.9
1960  5 109.6
1960  6 105.2
1960  7 105.3
1960  8 110.0
1960  9 129.4
1960 10 76.9
1960 11 74.2
1960 12 90.4
1961  1 48.5
1961  2 46.4
1961  3 58.8
1961  4 62.6
1961  5 45.0
1961  6 65.5
1961  7 58.9
1961  8 51.9
1961  9 43.5
1961 10 39.4
1961 11 34.2
1961 12 34.6
1962  1 27.2
1962  2 37.3
1962  3 36.0
1962  4 37.8
1962  5 35.5
1962  6 40.2
1962  7 19.4
1962  8 16.5
1962  9 42.9
1962 10 36.0
1962 11 24.6
1962 12 23.4
1963  1 22.2
1963  2 24.2
1963  3 16.8
1963  4 23.2
1963  5 36.5
1963  6 31.9
1963  7 18.8
1963  8 29.3
1963  9 28.7
1963 10 27.9
1963 11 22.4
1963 12 11.8
1964  1 16.9
1964  2 17.0
1964  3 15.1
1964  4 8.1
1964  5 9.1
1964  6 9.2
1964  7 3.7
1964  8 9.0
1964  9 4.9
1964 10 5.6
1964 11 5.9
1964 12 18.0
1965  1 20.3
1965  2 20.0
1965  3 13.4
1965  4 7.9
1965  5 20.2
1965  6 13.6
1965  7 9.7
1965  8 7.5
1965  9 15.8
1965 10 16.1
1965 11 14.6
1965 12 15.8
1966  1 21.7
1966  2 24.0
1966  3 16.3
1966  4 34.0
1966  5 36.8
1966  6 50.1
1966  7 60.3
1966  8 54.7
1966  9 39.3
1966 10 58.8
1966 11 60.0
1966 12 69.3
1967  1 104.0
1967  2 100.5
1967  3 102.7
1967  4 81.0
1967  5 90.9
1967  6 72.9
1967  7 91.8
1967  8 97.5
1967  9 85.0
1967 10 94.3
1967 11 98.9
1967 12 129.7
1968  1 103.5
1968  2 101.9
1968  3 93.5
1968  4 86.5
1968  5 132.3
1968  6 107.5
1968  7 87.6
1968  8 102.4
1968  9 116.7
1968 10 84.0
1968 11 76.2
1968 12 86.2
1969  1 87.9
1969  2 96.9
1969  3 120.0
1969  4 93.3
1969  5 112.3
1969  6 95.6
1969  7 93.9
1969  8 80.0
1969  9 90.3
1969 10 83.6
1969 11 83.8
1969 12 113.8
1970  1 112.1
1970  2 126.3
1970  3 105.4
1970  4 106.0
1970  5 127.7
1970  6 101.6
1970  7 114.6
1970  8 98.8
1970  9 117.8
1970 10 92.3
1970 11 104.5
1970 12 94.5
1971  1 88.0
1971  2 84.0
1971  3 74.4
1971  4 89.1
1971  5 61.5
1971  6 60.0
1971  7 88.8
1971  8 66.8
1971  9 52.5
1971 10 53.8
1971 11 69.6
1971 12 93.3
1972  1 66.6
1972  2 84.1
1972  3 86.2
1972  4 74.1
1972  5 62.3
1972  6 86.0
1972  7 91.3
1972  8 79.1
1972  9 77.3
1972 10 67.3
1972 11 46.7
1972 12 43.0
1973  1 42.4
1973  2 52.5
1973  3 43.5
1973  4 47.5
1973  5 37.7
1973  6 44.4
1973  7 24.0
1973  8 31.5
1973  9 64.4
1973 10 36.5
1973 11 23.2
1973 12 23.4
1974  1 33.5
1974  2 27.5
1974  3 24.8
1974  4 32.3
1974  5 39.3
1974  6 30.2
1974  7 48.0
1974  8 43.1
1974  9 42.9
1974 10 41.7
1974 11 25.2
1974 12 20.2
1975  1 22.2
1975  2 10.1
1975  3 9.8
1975  4 4.7
1975  5 8.3
1975  6 12.0
1975  7 31.7
1975  8 28.0
1975  9 17.7
1975 10 10.3
1975 11 17.7
1975 12 8.1
1976  1 8.6
1976  2 4.4
1976  3 17.0
1976  4 21.1
1976  5 15.3
1976  6 13.8
1976  7 2.9
1976  8 18.1
1976  9 15.8
1976 10 23.4
1976 11 5.5
1976 12 16.3
1977  1 18.4
1977  2 23.2
1977  3 12.5
1977  4 13.1
1977  5 19.7
1977  6 31.2
1977  7 24.5
1977  8 33.5
1977  9 43.8
1977 10 54.8
1977 11 38.9
1977 12 48.1
1978  1 60.2
1978  2 99.1
1978  3 92.6
1978  4 117.6
1978  5 91.5
1978  6 106.6
1978  7 78.8
1978  8 67.5
1978  9 129.9
1978 10 150.3
1978 11 108.8
1978 12 129.0
1979  1 179.4
1979  2 145.7
1979  3 166.0
1979  4 96.2
1979  5 154.6
1979  6 151.3
1979  7 156.9
1979  8 135.0
1979  9 166.1
1979 10 175.1
1979 11 174.1
1979 12 167.5
1980  1 143.5
1980  2 126.2
1980  3 128.7
1980  4 115.4
1980  5 155.1
1980  6 153.4
1980  7 142.3
1980  8 145.4
1980  9 144.7
1980 10 150.1
1980 11 123.2
1980 12 165.4
1981  1 126.6
1981  2 127.0
1981  3 142.5
1981  4 149.8
1981  5 133.9
1981  6 93.7
1981  7 137.5
1981  8 149.6
1981  9 180.7
1981 10 150.2
1981 11 139.8
1981 12 160.0
1982  1 127.1
1982  2 157.8
1982  3 153.3
1982  4 138.1
1982  5 94.3
1982  6 101.1
1982  7 86.2
1982  8 106.5
1982  9 119.6
1982 10 100.9
1982 11 103.7
1982 12 108.7
1983  1 100.5
1983  2 65.4
1983  3 74.7
1983  4 82.2
1983  5 96.2
1983  6 84.8
1983  7 89.0
1983  8 75.8
1983  9 58.5
1983 10 58.1
1983 11 36.7
1983 12 37.7
1984  1 54.7
1984  2 71.1
1984  3 94.6
1984  4 51.8
1984  5 55.9
1984  6 52.5
1984  7 54.6
1984  8 27.8
1984  9 16.1
1984 10 9.2
1984 11 19.2
1984 12 20.7
1985  1 13.1
1985  2 19.2
1985  3 15.8
1985  4 13.2
1985  5 27.2
1985  6 29.4
1985  7 29.4
1985  8 12.5
1985  9 6.0
1985 10 12.9
1985 11 14.2
1985 12 10.4
1986  1 3.6
1986  2 16.5
1986  3 10.8
1986  4 17.1
1986  5 14.2
1986  6 0.9
1986  7 16.8
1986  8 9.8
1986  9 5.1
1986 10 29.7
1986 11 14.5
1986 12 6.4
1987  1 11.4
1987  2 6.0
1987  3 16.7
1987  4 37.5
1987  5 28.2
1987  6 17.5
1987  7 29.0
1987  8 36.5
1987  9 33.3
1987 10 47.0
1987 11 40.6
1987 12 27.4
1988  1 57.0
1988  2 45.0
1988  3 56.0
1988  4 78.2
1988  5 60.5
1988  6 88.2
1988  7 83.7
1988  8 99.7
1988  9 125.1
1988 10 112.3
1988 11 116.0
1988 12 149.9
1989  1 122.5
1989  2 136.5
1989  3 126.0
1989  4 124.1
1989  5 146.1
1989  6 181.9
1989  7 147.5
1989  8 184.6
1989  9 135.4
1989 10 166.9
1989 11 143.5
1989 12 156.9
1990  1 166.0
1990  2 136.5
1990  3 136.4
1990  4 142.1
1990  5 131.1
1990  6 136.3
1990  7 149.5
1990  8 195.9
1990  9 155.1
1990 10 163.3
1990 11 131.5
1990 12 138.5
1991  1 131.3
1991  2 177.5
1991  3 125.9
1991  4 155.5
1991  5 131.0
1991  6 168.2
1991  7 176.1
1991  8 179.2
1991  9 132.1
1991 10 127.2
1991 11 123.1
1991 12 127.7
1992  1 137.5
1992  2 163.5
1992  3 125.4
1992  4 97.8
1992  5 73.4
1992  6 78.5
1992  7 74.9
1992  8 61.6
1992  9 71.0
1992 10 89.2
1992 11 94.7
1992 12 86.4
1993  1 69.7
1993  2 82.0
1993  3 67.5
1993  4 59.6
1993  5 53.5
1993  6 44.6
1993  7 69.0
1993  8 49.2
1993  9 27.0
1993 10 47.3
1993 11 30.4
1993 12 46.6
1994  1 51.1
1994  2 47.4
1994  3 41.0
1994  4 24.1
1994  5 26.7
1994  6 33.7
1994  7 41.0
1994  8 28.2
1994  9 32.1
1994 10 49.0
1994 11 27.5
1994 12 26.5
1995  1 27.7
1995  2 39.6
1995  3 35.4
1995  4 11.0
1995  5 15.1
1995  6 18.3
1995  7 17.0
1995  8 18.5
1995  9 12.5
1995 10 13.9
1995 11 11.7
1995 12 7.6
1996  1 11.5
1996  2 4.4
1996  3 9.2
1996  4 4.8
1996  5 5.5
1996  6 11.8
1996  7 8.2
1996  8 14.4
1996  9 1.6
1996 10 0.9
1996 11 17.9
1996 12 13.3
1997  1 5.7
1997  2 7.6
1997  3 8.7
1997  4 15.5
1997  5 18.5
1997  6 12.7
1997  7 10.4
1997  8 24.4
1997  9 51.3
1997 10 23.8
1997 11 39.0
1997 12 41.2
1998  1 31.9
1998  2 40.3
1998  3 54.8
1998  4 53.4
1998  5 56.3
1998  6 70.7
1998  7 66.6
1998  8 92.2
1998  9 92.9
1998 10 55.5
1998 11 74.0
1998 12 81.9
1999  1 62.0
1999  2 66.3
1999  3 68.8
1999  4 63.7
1999  5 106.4
1999  6 137.7
1999  7 113.5
1999  8 93.7
1999  9 71.5
1999 10 116.7
1999 11 133.2
1999 12 84.6
2000  1 90.1
2000  2 112.9
2000  3 138.5
2000  4 125.5
2000  5 121.6
2000  6 124.9
2000  7 170.1
2000  8 130.5
2000  9 109.7
2000 10 99.4
2000 11 106.8
2000 12 104.4
2001  1 95.6
2001  2 80.6
2001  3 113.5
2001  4 107.7
2001  5 96.6
2001  6 134.0
2001  7 81.8
2001  8 106.4
2001  9 150.7
2001 10 125.5
2001 11 106.5
2001 12 132.2
2002  1 114.1
2002  2 107.4
2002  3 98.4
2002  4 120.7
2002  5 120.8
2002  6 88.3
2002  7 99.6
2002  8 116.4
2002  9 109.6
2002 10 97.5
2002 11 95.5
2002 12 80.8
2003  1 79.7
2003  2 46.0
2003  3 61.1
2003  4 60.0
2003  5 54.6
2003  6 77.4
2003  7 83.3
2003  8 72.7
2003  9 48.7
2003 10 65.5
2003 11 67.3
2003 12 46.5
2004  1 37.3
2004  2 45.8
2004  3 49.1
2004  4 39.3
2004  5 41.5
2004  6 43.2
2004  7 51.1
2004  8 40.9
2004  9 27.7
2004 10 48.0
2004 11 43.5
2004 12 17.9
2005  1 31.3
2005  2 29.2
2005  3 24.5
2005  4 24.2
2005  5 42.7
2005  6 39.3
2005  7 40.1
2005  8 36.4
2005  9 21.9
2005 10 8.7
2005 11 18.0
2005 12 41.1
2006  1 15.3
2006  2 4.9
2006  3 10.6
2006  4 30.2
2006  5 22.3
2006  6 13.9
2006  7 12.2
2006  8 12.9
2006  9 14.4
2006 10 10.5
2006 11 21.4
2006 12 13.6
2007  1 16.8
2007  2 10.7
2007  3 4.5
2007  4 3.4
2007  5 11.7
2007  6 12.1
2007  7 9.7
2007  8 6.0
2007  9 2.4
2007 10 0.9
2007 11 1.7
2007 12 10.1
2008  1 3.3
2008  2 2.1
2008  3 9.3
2008  4 2.9
2008  5 3.2
2008  6 3.4
2008  7 0.8
2008  8 0.5
2008  9 1.1
2008 10 2.9
2008 11 4.1
2008 12 0.8
2009  1 1.3
2009  2 1.4
2009  3 0.7
2009  4 0.8
2009  5 2.9
2009  6 2.9
2009  7 3.2
2009  8 0.0
2009  9 4.3
2009 10 4.8
2009 11 4.1
2009 12 10.8
2010  1 13.2
2010  2 18.8
2010  3 15.4
2010  4 8.0
2010  5 8.7
2010  6 13.6
2010  7 16.1
2010  8 19.6
2010  9 25.2
2010 10 23.5
2010 11 21.5
2010 12 14.4
2011  1 18.8
2011  2 29.6
2011  3 55.8
2011  4 54.4
2011  5 41.5
2011  6 37.0
2011  7 43.8
2011  8 50.6
2011  9 78.0
2011 10 88.0
2011 11 96.7
2011 12 73.0
2012  1 58.3
2012  2 32.9
2012  3 64.3
2012  4 55.2
2012  5 69.0
2012  6 64.5
2012  7 66.5
2012  8 63.1
2012  9 61.5
2012 10 53.3
2012 11 61.4
2012 12 40.8
