1900  1   9
1900  2  14
1900  3   9
1900  4  16
1900  5  15
1900  6  12
1900  7   8
1900  8   4
1900  9   8
1900 10  13
1900 11   5
1900 12   0
1901  1   0
1901  2   2
1901  3   5
1901  4   0
1901  5  10
1901  6   6
1901  7   1
1901  8   1
1901  9   1
1901 10   4
1901 11   4
1901 12   0
1902  1   6
1902  2   0
1902  3  12
1902  4   0
1902  5   3
1902  6   1
1902  7   1
1902  8   2
1902  9   8
1902 10  16
1902 11  10
1902 12   1
1903  1   8
1903  2  17
1903  3  14
1903  4  26
1903  5  15
1903  6  16
1903  7  28
1903  8  29
1903  9  11
1903 10  39
1903 11  45
1903 12  46
1904  1  32
1904  2  25
1904  3  37
1904  4  43
1904  5  40
1904  6  42
1904  7  51
1904  8  58
1904  9  30
1904 10  54
1904 11  38
1904 12  55
1905  1  55
1905  2  86
1905  3  57
1905  4  39
1905  5  48
1905  6  49
1905  7  73
1905  8  59
1905  9  55
1905 10  79
1905 11 107
1905 12  56
1906  1  46
1906  2  31
1906  3  65
1906  4  55
1906  5  58
1906  6  63
1906  7 104
1906  8  48
1906  9  56
1906 10  18
1906 11  39
1906 12  65
1907  1  76
1907  2 108
1907  3  61
1907  4  53
1907  5  43
1907  6  40
1907  7  50
1907  8  54
1907  9  85
1907 10  65
1907 11  62
1907 12  47
1908  1  39
1908  2  34
1908  3  29
1908  4  58
1908  5  41
1908  6  48
1908  7  40
1908  8  91
1908  9  87
1908 10  32
1908 11  46
1908 12  40
1909  1  57
1909  2  47
1909  3  66
1909  4  32
1909  5  36
1909  6  23
1909  7  36
1909  8  23
1909  9  39
1909 10  58
1909 11  56
1909 12  54
1910  1  26
1910  2  32
1910  3  21
1910  4   8
1910  5  22
1910  6  12
1910  7  14
1910  8  12
1910  9  26
1910 10  38
1910 11   5
1910 12   6
1911  1   3
1911  2   9
1911  3   8
1911  4  17
1911  5   9
1911  6   2
1911  7   4
1911  8   4
1911  9   4
1911 10   3
1911 11   4
1911 12   2
1912  1   0
1912  2   0
1912  3   5
1912  4   5
1912  5   4
1912  6   4
1912  7   3
1912  8   0
1912  9  10
1912 10   5
1912 11   1
1912 12   6
1913  1   2
1913  2   3
1913  3   1
1913  4   1
1913  5   0
1913  6   0
1913  7   2
1913  8   0
1913  9   1
1913 10   3
1913 11   1
1913 12   4
1914  1   3
1914  2   3
1914  3   3
1914  4  17
1914  5   5
1914  6  11
1914  7   5
1914  8   8
1914  9  13
1914 10   8
1914 11  16
1914 12  22
1915  1  23
1915  2  42
1915  3  39
1915  4  41
1915  5  33
1915  6  69
1915  7  72
1915  8  70
1915  9  50
1915 10  54
1915 11  43
1915 12  35
1916  1  45
1916  2  55
1916  3  67
1916  4  72
1916  5  75
1916  6  68
1916  7  54
1916  8  35
1916  9  45
1916 10  51
1916 11  66
1916 12  53
1917  1  75
1917  2  72
1917  3  95
1917  4  75
1917  5 114
1917  6 115
1917  7 120
1917  8 155
1917  9 129
1917 10  72
1917 11  96
1917 12 129
1918  1  96
1918  2  65
1918  3  72
1918  4  81
1918  5  77
1918  6  59
1918  7 108
1918  8 102
1918  9  80
1918 10  85
1918 11  83
1918 12  59
1919  1  48
1919  2  80
1919  3  67
1919  4  52
1919  5  88
1919  6 111
1919  7  65
1919  8  69
1919  9  55
1919 10  53
1919 11  42
1919 12  35
1920  1  51
1920  2  54
1920  3  70
1920  4  15
1920  5  33
1920  6  39
1920  7  28
1920  8  19
1920  9  36
1920 10  50
1920 11  27
1920 12  30
1921  1  32
1921  2  28
1921  3  27
1921  4  32
1921  5  22
1921  6  34
1921  7  42
1921  8  23
1921  9  18
1921 10  18
1921 11  18
1921 12  20
1922  1  12
1922  2  26
1922  3  55
1922  4  11
1922  5   8
1922  6   6
1922  7  11
1922  8   7
1922  9   5
1922 10   6
1922 11   7
1922 12  18
1923  1   5
1923  2   2
1923  3   3
1923  4   6
1923  5   3
1923  6   9
1923  7   4
1923  8   1
1923  9  13
1923 10  12
1923 11  10
1923 12   3
1924  1   1
1924  2   5
1924  3   2
1924  4  11
1924  5  21
1924  6  24
1924  7  28
1924  8  19
1924  9  25
1924 10  26
1924 11  23
1924 12  17
1925  1   6
1925  2  23
1925  3  18
1925  4  32
1925  5  43
1925  6  48
1925  7  39
1925  8  38
1925  9  60
1925 10  69
1925 11  59
1925 12  99
1926  1  72
1926  2  70
1926  3  63
1926  4  39
1926  5  64
1926  6  74
1926  7  52
1926  8  62
1926  9  61
1926 10  72
1926 11  61
1926 12  79
1927  1  82
1927  2  93
1927  3  70
1927  4  94
1927  5  79
1927  6  59
1927  7  55
1927  8  54
1927  9  68
1927 10  63
1927 11  67
1927 12  45
1928  1  84
1928  2  74
1928  3  85
1928  4  81
1928  5  77
1928  6  91
1928  7  98
1928  8  84
1928  9  90
1928 10  61
1928 11  50
1928 12  59
1929  1  69
1929  2  63
1929  3  50
1929  4  53
1929  5  58
1929  6  72
1929  7  70
1929  8  66
1929  9  34
1929 10  54
1929 11  81
1929 12 108
1930  1  65
1930  2  50
1930  3  35
1930  4  38
1930  5  37
1930  6  29
1930  7  22
1930  8  25
1930  9  32
1930 10  34
1930 11  36
1930 12  26
1931  1  15
1931  2  43
1931  3  30
1931  4  31
1931  5  25
1931  6  15
1931  7  17
1931  8  13
1931  9  19
1931 10  10
1931 11  19
1931 12  18
1932  1  18
1932  2  12
1932  3  14
1932  4  10
1932  5  24
1932  6  25
1932  7  13
1932  8  10
1932  9   6
1932 10  13
1932 11   6
1932 12  12
1933  1  16
1933  2  16
1933  3  11
1933  4   3
1933  5   4
1933  6   7
1933  7   4
1933  8   1
1933  9   6
1933 10   3
1933 11   0
1933 12   0
1934  1   4
1934  2  11
1934  3   6
1934  4  12
1934  5  18
1934  6   7
1934  7  14
1934  8  10
1934  9   6
1934 10   9
1934 11  10
1934 12  20
1935  1  23
1935  2  23
1935  3  28
1935  4  15
1935  5  34
1935  6  50
1935  7  38
1935  8  39
1935  9  54
1935 10  74
1935 11  67
1935 12  70
1936  1  66
1936  2  88
1936  3  83
1936  4  91
1936  5  72
1936  6  80
1936  7  60
1936  8  92
1936  9  88
1936 10  99
1936 11 115
1936 12 133
1937  1 144
1937  2 155
1937  3 104
1937  4 104
1937  5 120
1937  6 121
1937  7 140
1937  8 144
1937  9 117
1937 10 114
1937 11  96
1937 12  91
1938  1  96
1938  2 111
1938  3  86
1938  4 105
1938  5 138
1938  6 109
1938  7 153
1938  8 140
1938  9  95
1938 10 106
1938 11 118
1938 12 106
1939  1 102
1939  2  93
1939  3  77
1939  4 124
1939  5 138
1939  6 119
1939  7  90
1939  8  99
1939  9 102
1939 10  93
1939 11  73
1939 12  59
1940  1  49
1940  2  64
1940  3  87
1940  4  76
1940  5  59
1940  6  84
1940  7  76
1940  8  92
1940  9  66
1940 10  57
1940 11  70
1940 12  80
1941  1  53
1941  2  55
1941  3  55
1941  4  38
1941  5  37
1941  6  57
1941  7  63
1941  8  64
1941  9  57
1941 10  45
1941 11  37
1941 12  39
1942  1  41
1942  2  52
1942  3  49
1942  4  63
1942  5  31
1942  6  14
1942  7  18
1942  8  24
1942  9  22
1942 10  22
1942 11  31
1942 12  28
1943  1  16
1943  2  23
1943  3  21
1943  4  21
1943  5  16
1943  6  10
1943  7  12
1943  8  25
1943  9   8
1943 10   8
1943 11  11
1943 12  15
1944  1   4
1944  2   1
1944  3  11
1944  4   0
1944  5   2
1944  6   7
1944  7   6
1944  8  21
1944  9  12
1944 10  22
1944 11  14
1944 12  31
1945  1  26
1945  2  15
1945  3  21
1945  4  31
1945  5  39
1945  6  42
1945  7  44
1945  8  30
1945  9  38
1945 10  70
1945 11  59
1945 12  32
1946  1  52
1946  2  91
1946  3  84
1946  4  87
1946  5  86
1946  6  85
1946  7  98
1946  8 103
1946  9 102
1946 10 120
1946 11 127
1946 12 109
1947  1 119
1947  2 125
1947  3 128
1947  4 138
1947  5 182
1947  6 153
1947  7 150
1947  8 161
1947  9 157
1947 10 158
1947 11 147
1947 12 121
1948  1 127
1948  2 100
1948  3  96
1948  4 168
1948  5 143
1948  6 139
1948  7 127
1948  8 150
1948  9 125
1948 10 126
1948 11 104
1948 12 126
1949  1 118
1949  2 158
1949  3 162
1949  4 149
1949  5 116
1949  6 116
1949  7 119
1949  8 110
1949  9 128
1949 10 118
1949 11 136
1949 12 122
1950  1  97
1950  2  86
1950  3 111
1950  4  88
1950  5  94
1950  6  76
1950  7  76
1950  8  78
1950  9  53
1950 10  55
1950 11  50
1950 12  48
1951  1  47
1951  2  53
1951  3  52
1951  4  67
1951  5  81
1951  6  64
1951  7  62
1951  8  52
1951  9  74
1951 10  49
1951 11  61
1951 12  37
1952  1  38
1952  2  21
1952  3  22
1952  4  27
1952  5  24
1952  6  41
1952  7  34
1952  8  53
1952  9  29
1952 10  21
1952 11  16
1952 12  30
1953  1  27
1953  2   5
1953  3  11
1953  4  24
1953  5  12
1953  6  20
1953  7   6
1953  8  24
1953  9  23
1953 10   7
1953 11   2
1953 12   2
1954  1   0
1954  2   1
1954  3   6
1954  4   3
1954  5   0
1954  6   0
1954  7   6
1954  8   9
1954  9   1
1954 10  10
1954 11  11
1954 12   8
1955  1  25
1955  2  24
1955  3   6
1955  4  15
1955  5  27
1955  6  23
1955  7  33
1955  8  37
1955  9  54
1955 10  62
1955 11  79
1955 12  73
1956  1  68
1956  2 111
1956  3 121
1956  4 122
1956  5 118
1956  6 105
1956  7 116
1956  8 154
1956  9 165
1956 10 133
1956 11 145
1956 12 156
1957  1 145
1957  2 129
1957  3 145
1957  4 160
1957  5 140
1957  6 158
1957  7 169
1957  8 141
1957  9 164
1957 10 222
1957 11 200
1957 12 219
1958  1 220
1958  2 163
1958  3 157
1958  4 188
1958  5 185
1958  6 156
1958  7 167
1958  8 182
1958  9 188
1958 10 174
1958 11 147
1958 12 177
1959  1 213
1959  2 145
1959  3 174
1959  4 160
1959  5 145
1959  6 160
1959  7 142
1959  8 171
1959  9 140
1959 10 118
1959 11 111
1959 12 117
1960  1 146
1960  2 100
1960  3  99
1960  4  99
1960  5 110
1960  6 105
1960  7 105
1960  8 110
1960  9 129
1960 10  77
1960 11  74
1960 12  90
1961  1  49
1961  2  46
1961  3  59
1961  4  63
1961  5  45
1961  6  66
1961  7  59
1961  8  52
1961  9  44
1961 10  39
1961 11  34
1961 12  35
1962  1  27
1962  2  37
1962  3  36
1962  4  38
1962  5  36
1962  6  40
1962  7  19
1962  8  17
1962  9  43
1962 10  36
1962 11  25
1962 12  23
1963  1  22
1963  2  24
1963  3  17
1963  4  23
1963  5  37
1963  6  32
1963  7  19
1963  8  29
1963  9  29
1963 10  28
1963 11  22
1963 12  12
1964  1  17
1964  2  17
1964  3  15
1964  4   8
1964  5   9
1964  6   9
1964  7   4
1964  8   9
1964  9   5
1964 10   6
1964 11   6
1964 12  18
1965  1  20
1965  2  20
1965  3  13
1965  4   8
1965  5  20
1965  6  14
1965  7  10
1965  8   8
1965  9  16
1965 10  16
1965 11  15
1965 12  16
1966  1  22
1966  2  24
1966  3  16
1966  4  34
1966  5  37
1966  6  50
1966  7  60
1966  8  55
1966  9  39
1966 10  59
1966 11  60
1966 12  69
1967  1 104
1967  2 101
1967  3 103
1967  4  81
1967  5  91
1967  6  73
1967  7  92
1967  8  98
1967  9  85
1967 10  94
1967 11  99
1967 12 130
1968  1 104
1968  2 102
1968  3  94
1968  4  87
1968  5 132
1968  6 108
1968  7  88
1968  8 102
1968  9 117
1968 10  84
1968 11  76
1968 12  86
1969  1  88
1969  2  97
1969  3 120
1969  4  93
1969  5 112
1969  6  96
1969  7  94
1969  8  80
1969  9  90
1969 10  84
1969 11  84
1969 12 114
1970  1 112
1970  2 126
1970  3 105
1970  4 106
1970  5 128
1970  6 102
1970  7 115
1970  8  99
1970  9 118
1970 10  92
1970 11 105
1970 12  95
1971  1  88
1971  2  84
1971  3  74
1971  4  89
1971  5  62
1971  6  60
1971  7  89
1971  8  67
1971  9  53
1971 10  54
1971 11  70
1971 12  93
1972  1  67
1972  2  84
1972  3  86
1972  4  74
1972  5  62
1972  6  86
1972  7  91
1972  8  79
1972  9  77
1972 10  67
1972 11  47
1972 12  43
1973  1  42
1973  2  53
1973  3  44
1973  4  48
1973  5  38
1973  6  44
1973  7  24
1973  8  32
1973  9  64
1973 10  37
1973 11  23
1973 12  23
1974  1  34
1974  2  28
1974  3  25
1974  4  32
1974  5  39
1974  6  30
1974  7  48
1974  8  43
1974  9  43
1974 10  42
1974 11  25
1974 12  20
1975  1  22
1975  2  10
1975  3  10
1975  4   5
1975  5   8
1975  6  12
1975  7  32
1975  8  28
1975  9  18
1975 10  10
1975 11  18
1975 12   8
1976  1   9
1976  2   4
1976  3  17
1976  4  21
1976  5  15
1976  6  14
1976  7   3
1976  8  18
1976  9  16
1976 10  23
1976 11   6
1976 12  16
1977  1  18
1977  2  23
1977  3  13
1977  4  13
1977  5  20
1977  6  31
1977  7  25
1977  8  34
1977  9  44
1977 10  55
1977 11  39
1977 12  48
1978  1  60
1978  2  99
1978  3  93
1978  4 118
1978  5  92
1978  6 107
1978  7  79
1978  8  68
1978  9 130
1978 10 150
1978 11 109
1978 12 129
1979  1 179
1979  2 146
1979  3 166
1979  4  96
1979  5 155
1979  6 151
1979  7 157
1979  8 135
1979  9 166
1979 10 175
1979 11 174
1979 12 168
1980  1 144
1980  2 126
1980  3 129
1980  4 115
1980  5 155
1980  6 153
1980  7 142
1980  8 145
1980  9 145
1980 10 150
1980 11 123
1980 12 165
1981  1 127
1981  2 127
1981  3 143
1981  4 150
1981  5 134
1981  6  94
1981  7 138
1981  8 150
1981  9 181
1981 10 150
1981 11 140
1981 12 160
1982  1 127
1982  2 158
1982  3 153
1982  4 138
1982  5  94
1982  6 101
1982  7  86
1982  8 107
1982  9 120
1982 10 101
1982 11 104
1982 12 109
1983  1 101
1983  2  65
1983  3  75
1983  4  82
1983  5  96
1983  6  85
1983  7  89
1983  8  76
1983  9  59
1983 10  58
1983 11  37
1983 12  38
1984  1  55
1984  2  71
1984  3  95
1984  4  52
1984  5  56
1984  6  53
1984  7  55
1984  8  28
1984  9  16
1984 10   9
1984 11  19
1984 12  21
1985  1  13
1985  2  19
1985  3  16
1985  4  13
1985  5  27
1985  6  29
1985  7  29
1985  8  13
1985  9   6
1985 10  13
1985 11  14
1985 12  10
1986  1   4
1986  2  17
1986  3  11
1986  4  17
1986  5  14
1986  6   1
1986  7  17
1986  8  10
1986  9   5
1986 10  30
1986 11  15
1986 12   6
1987  1  11
1987  2   6
1987  3  17
1987  4  38
1987  5  28
1987  6  18
1987  7  29
1987  8  37
1987  9  33
1987 10  47
1987 11  41
1987 12  27
1988  1  57
1988  2  45
1988  3  56
1988  4  78
1988  5  61
1988  6  88
1988  7  84
1988  8 100
1988  9 125
1988 10 112
1988 11 116
1988 12 150
1989  1 123
1989  2 137
1989  3 126
1989  4 124
1989  5 146
1989  6 182
1989  7 148
1989  8 185
1989  9 135
1989 10 167
1989 11 144
1989 12 157
1990  1 166
1990  2 137
1990  3 136
1990  4 142
1990  5 131
1990  6 136
1990  7 150
1990  8 196
1990  9 155
1990 10 163
1990 11 132
1990 12 139
1991  1 131
1991  2 178
1991  3 126
1991  4 156
1991  5 131
1991  6 168
1991  7 176
1991  8 179
1991  9 132
1991 10 127
1991 11 123
1991 12 128
1992  1 138
1992  2 164
1992  3 125
1992  4  98
1992  5  73
1992  6  79
1992  7  75
1992  8  62
1992  9  71
1992 10  89
1992 11  95
1992 12  86
1993  1  70
1993  2  82
1993  3  68
1993  4  60
1993  5  54
1993  6  45
1993  7  69
1993  8  49
1993  9  27
1993 10  47
1993 11  30
1993 12  47
1994  1  51
1994  2  47
1994  3  41
1994  4  24
1994  5  27
1994  6  34
1994  7  41
1994  8  28
1994  9  32
1994 10  49
1994 11  28
1994 12  27
1995  1  28
1995  2  40
1995  3  35
1995  4  11
1995  5  15
1995  6  18
1995  7  17
1995  8  19
1995  9  13
1995 10  14
1995 11  12
1995 12   8
1996  1  12
1996  2   4
1996  3   9
1996  4   5
1996  5   6
1996  6  12
1996  7   8
1996  8  14
1996  9   2
1996 10   1
1996 11  18
1996 12  13
1997  1   6
1997  2   8
1997  3   9
1997  4  16
1997  5  19
1997  6  13
1997  7  10
1997  8  24
1997  9  51
1997 10  24
1997 11  39
1997 12  41
1998  1  32
1998  2  40
1998  3  55
1998  4  53
1998  5  56
1998  6  71
1998  7  67
1998  8  92
1998  9  93
1998 10  56
1998 11  74
1998 12  82
1999  1  62
1999  2  66
1999  3  69
1999  4  64
1999  5 106
1999  6 138
1999  7 114
1999  8  94
1999  9  72
1999 10 117
1999 11 133
1999 12  85
2000  1  90
2000  2 113
2000  3 139
2000  4 126
2000  5 122
2000  6 125
2000  7 170
2000  8 131
2000  9 110
2000 10  99
2000 11 107
2000 12 104
2001  1  96
2001  2  81
2001  3 114
2001  4 108
2001  5  97
2001  6 134
2001  7  82
2001  8 106
2001  9 151
2001 10 126
2001 11 107
2001 12 132
2002  1 114
2002  2 107
2002  3  98
2002  4 121
2002  5 121
2002  6  88
2002  7 100
2002  8 116
2002  9 110
2002 10  98
2002 11  96
2002 12  81
2003  1  80
2003  2  46
2003  3  61
2003  4  60
2003  5  55
2003  6  77
2003  7  83
2003  8  73
2003  9  49
2003 10  66
2003 11  67
2003 12  47
2004  1  37
2004  2  46
2004  3  49
2004  4  39
2004  5  42
2004  6  43
2004  7  51
2004  8  41
2004  9  28
2004 10  48
2004 11  44
2004 12  18
2005  1  31
2005  2  29
2005  3  25
2005  4  24
2005  5  43
2005  6  39
2005  7  40
2005  8  36
2005  9  22
2005 10   9
2005 11  18
2005 12  41
2006  1  15
2006  2   5
2006  3  11
2006  4  30
2006  5  22
2006  6  14
2006  7  12
2006  8  13
2006  9  14
2006 10  11
2006 11  21
2006 12  14
2007  1  17
2007  2  11
2007  3   5
2007  4   3
2007  5  12
2007  6  12
2007  7  10
2007  8   6
2007  9   2
2007 10   1
2007 11   2
2007 12  10
2008  1   3
2008  2   2
2008  3   9
2008  4   3
2008  5   3
2008  6   3
2008  7   1
2008  8   1
2008  9   1
2008 10   3
2008 11   4
2008 12   1
2009  1   1
2009  2   1
2009  3   1
2009  4   1
2009  5   3
2009  6   3
2009  7   3
2009  8   0
2009  9   4
2009 10   5
2009 11   4
2009 12  11
2010  1  13
2010  2  19
2010  3  15
2010  4   8
2010  5   9
2010  6  14
2010  7  16
2010  8  20
2010  9  25
2010 10  24
2010 11  22
2010 12  14
2011  1  19
2011  2  30
2011  3  56
2011  4  54
2011  5  42
2011  6  37
2011  7  44
2011  8  51
2011  9  78
2011 10  88
2011 11  97
2011 12  73
2012  1  58
2012  2  33
2012  3  64
2012  4  55
2012  5  69
2012  6  65
2012  7  67
2012  8  63
2012  9  62
2012 10  53
2012 11  61
2012 12  41
