1900  1   0
1900  2  25
1900  3   0
1900  4  25
1900  5  25
1900  6   0
1900  7   0
1900  8   0
1900  9   0
1900 10  25
1900 11   0
1900 12   0
1901  1   0
1901  2   0
1901  3   0
1901  4   0
1901  5   0
1901  6   0
1901  7   0
1901  8   0
1901  9   0
1901 10   0
1901 11   0
1901 12   0
1902  1   0
1902  2   0
1902  3   0
1902  4   0
1902  5   0
1902  6   0
1902  7   0
1902  8   0
1902  9   0
1902 10  25
1902 11   0
1902 12   0
1903  1   0
1903  2  25
1903  3  25
1903  4  25
1903  5  25
1903  6  25
1903  7  25
1903  8  25
1903  9   0
1903 10  50
1903 11  50
1903 12  50
1904  1  25
1904  2  25
1904  3  25
1904  4  50
1904  5  50
1904  6  50
1904  7  50
1904  8  50
1904  9  25
1904 10  50
1904 11  50
1904 12  50
1905  1  50
1905  2  75
1905  3  50
1905  4  50
1905  5  50
1905  6  50
1905  7  75
1905  8  50
1905  9  50
1905 10  75
1905 11 100
1905 12  50
1906  1  50
1906  2  25
1906  3  75
1906  4  50
1906  5  50
1906  6  75
1906  7 100
1906  8  50
1906  9  50
1906 10  25
1906 11  50
1906 12  75
1907  1  75
1907  2 100
1907  3  50
1907  4  50
1907  5  50
1907  6  50
1907  7  50
1907  8  50
1907  9  75
1907 10  75
1907 11  50
1907 12  50
1908  1  50
1908  2  25
1908  3  25
1908  4  50
1908  5  50
1908  6  50
1908  7  50
1908  8 100
1908  9  75
1908 10  25
1908 11  50
1908 12  50
1909  1  50
1909  2  50
1909  3  75
1909  4  25
1909  5  25
1909  6  25
1909  7  25
1909  8  25
1909  9  50
1909 10  50
1909 11  50
1909 12  50
1910  1  25
1910  2  25
1910  3  25
1910  4   0
1910  5  25
1910  6   0
1910  7  25
1910  8   0
1910  9  25
1910 10  50
1910 11   0
1910 12   0
1911  1   0
1911  2   0
1911  3   0
1911  4  25
1911  5   0
1911  6   0
1911  7   0
1911  8   0
1911  9   0
1911 10   0
1911 11   0
1911 12   0
1912  1   0
1912  2   0
1912  3   0
1912  4   0
1912  5   0
1912  6   0
1912  7   0
1912  8   0
1912  9   0
1912 10   0
1912 11   0
1912 12   0
1913  1   0
1913  2   0
1913  3   0
1913  4   0
1913  5   0
1913  6   0
1913  7   0
1913  8   0
1913  9   0
1913 10   0
1913 11   0
1913 12   0
1914  1   0
1914  2   0
1914  3   0
1914  4  25
1914  5   0
1914  6   0
1914  7   0
1914  8   0
1914  9  25
1914 10   0
1914 11  25
1914 12  25
1915  1  25
1915  2  50
1915  3  50
1915  4  50
1915  5  25
1915  6  75
1915  7  75
1915  8  75
1915  9  50
1915 10  50
1915 11  50
1915 12  25
1916  1  50
1916  2  50
1916  3  75
1916  4  75
1916  5  75
1916  6  75
1916  7  50
1916  8  25
1916  9  50
1916 10  50
1916 11  75
1916 12  50
1917  1  75
1917  2  75
1917  3 100
1917  4  75
1917  5 125
1917  6 125
1917  7 125
1917  8 150
1917  9 125
1917 10  75
1917 11 100
1917 12 125
1918  1 100
1918  2  75
1918  3  75
1918  4  75
1918  5  75
1918  6  50
1918  7 100
1918  8 100
1918  9  75
1918 10  75
1918 11  75
1918 12  50
1919  1  50
1919  2  75
1919  3  75
1919  4  50
1919  5 100
1919  6 100
1919  7  75
1919  8  75
1919  9  50
1919 10  50
1919 11  50
1919 12  25
1920  1  50
1920  2  50
1920  3  75
1920  4  25
1920  5  25
1920  6  50
1920  7  25
1920  8  25
1920  9  25
1920 10  50
1920 11  25
1920 12  25
1921  1  25
1921  2  25
1921  3  25
1921  4  25
1921  5  25
1921  6  25
1921  7  50
1921  8  25
1921  9  25
1921 10  25
1921 11  25
1921 12  25
1922  1   0
1922  2  25
1922  3  50
1922  4   0
1922  5   0
1922  6   0
1922  7   0
1922  8   0
1922  9   0
1922 10   0
1922 11   0
1922 12  25
1923  1   0
1923  2   0
1923  3   0
1923  4   0
1923  5   0
1923  6   0
1923  7   0
1923  8   0
1923  9  25
1923 10   0
1923 11   0
1923 12   0
1924  1   0
1924  2   0
1924  3   0
1924  4   0
1924  5  25
1924  6  25
1924  7  25
1924  8  25
1924  9  25
1924 10  25
1924 11  25
1924 12  25
1925  1   0
1925  2  25
1925  3  25
1925  4  25
1925  5  50
1925  6  50
1925  7  50
1925  8  50
1925  9  50
1925 10  75
1925 11  50
1925 12 100
1926  1  75
1926  2  75
1926  3  75
1926  4  50
1926  5  75
1926  6  75
1926  7  50
1926  8  50
1926  9  50
1926 10  75
1926 11  50
1926 12  75
1927  1  75
1927  2 100
1927  3  75
1927  4 100
1927  5  75
1927  6  50
1927  7  50
1927  8  50
1927  9  75
1927 10  75
1927 11  75
1927 12  50
1928  1  75
1928  2  75
1928  3  75
1928  4  75
1928  5  75
1928  6 100
1928  7 100
1928  8  75
1928  9 100
1928 10  50
1928 11  50
1928 12  50
1929  1  75
1929  2  75
1929  3  50
1929  4  50
1929  5  50
1929  6  75
1929  7  75
1929  8  75
1929  9  25
1929 10  50
1929 11  75
1929 12 100
1930  1  75
1930  2  50
1930  3  25
1930  4  50
1930  5  25
1930  6  25
1930  7  25
1930  8  25
1930  9  25
1930 10  25
1930 11  25
1930 12  25
1931  1  25
1931  2  50
1931  3  25
1931  4  25
1931  5  25
1931  6  25
1931  7  25
1931  8  25
1931  9  25
1931 10   0
1931 11  25
1931 12  25
1932  1  25
1932  2   0
1932  3  25
1932  4   0
1932  5  25
1932  6  25
1932  7  25
1932  8   0
1932  9   0
1932 10  25
1932 11   0
1932 12   0
1933  1  25
1933  2  25
1933  3   0
1933  4   0
1933  5   0
1933  6   0
1933  7   0
1933  8   0
1933  9   0
1933 10   0
1933 11   0
1933 12   0
1934  1   0
1934  2   0
1934  3   0
1934  4   0
1934  5  25
1934  6   0
1934  7  25
1934  8   0
1934  9   0
1934 10   0
1934 11   0
1934 12  25
1935  1  25
1935  2  25
1935  3  25
1935  4  25
1935  5  25
1935  6  50
1935  7  50
1935  8  50
1935  9  50
1935 10  75
1935 11  75
1935 12  75
1936  1  75
1936  2 100
1936  3  75
1936  4 100
1936  5  75
1936  6  75
1936  7  50
1936  8 100
1936  9 100
1936 10 100
1936 11 125
1936 12 125
1937  1 150
1937  2 150
1937  3 100
1937  4 100
1937  5 125
1937  6 125
1937  7 150
1937  8 150
1937  9 125
1937 10 125
1937 11 100
1937 12 100
1938  1 100
1938  2 100
1938  3  75
1938  4 100
1938  5 150
1938  6 100
1938  7 150
1938  8 150
1938  9 100
1938 10 100
1938 11 125
1938 12 100
1939  1 100
1939  2 100
1939  3  75
1939  4 125
1939  5 150
1939  6 125
1939  7 100
1939  8 100
1939  9 100
1939 10 100
1939 11  75
1939 12  50
1940  1  50
1940  2  75
1940  3  75
1940  4  75
1940  5  50
1940  6  75
1940  7  75
1940  8 100
1940  9  75
1940 10  50
1940 11  75
1940 12  75
1941  1  50
1941  2  50
1941  3  50
1941  4  50
1941  5  25
1941  6  50
1941  7  75
1941  8  75
1941  9  50
1941 10  50
1941 11  25
1941 12  50
1942  1  50
1942  2  50
1942  3  50
1942  4  75
1942  5  25
1942  6  25
1942  7  25
1942  8  25
1942  9  25
1942 10  25
1942 11  25
1942 12  25
1943  1  25
1943  2  25
1943  3  25
1943  4  25
1943  5  25
1943  6   0
1943  7   0
1943  8  25
1943  9   0
1943 10   0
1943 11   0
1943 12  25
1944  1   0
1944  2   0
1944  3   0
1944  4   0
1944  5   0
1944  6   0
1944  7   0
1944  8  25
1944  9   0
1944 10  25
1944 11  25
1944 12  25
1945  1  25
1945  2  25
1945  3  25
1945  4  25
1945  5  50
1945  6  50
1945  7  50
1945  8  25
1945  9  50
1945 10  75
1945 11  50
1945 12  25
1946  1  50
1946  2 100
1946  3  75
1946  4  75
1946  5  75
1946  6  75
1946  7 100
1946  8 100
1946  9 100
1946 10 125
1946 11 125
1946 12 100
1947  1 125
1947  2 125
1947  3 125
1947  4 150
1947  5 175
1947  6 150
1947  7 150
1947  8 150
1947  9 150
1947 10 150
1947 11 150
1947 12 125
1948  1 125
1948  2 100
1948  3 100
1948  4 175
1948  5 150
1948  6 150
1948  7 125
1948  8 150
1948  9 125
1948 10 125
1948 11 100
1948 12 125
1949  1 125
1949  2 150
1949  3 150
1949  4 150
1949  5 125
1949  6 125
1949  7 125
1949  8 100
1949  9 125
1949 10 125
1949 11 125
1949 12 125
1950  1 100
1950  2  75
1950  3 100
1950  4 100
1950  5 100
1950  6  75
1950  7  75
1950  8  75
1950  9  50
1950 10  50
1950 11  50
1950 12  50
1951  1  50
1951  2  50
1951  3  50
1951  4  75
1951  5  75
1951  6  75
1951  7  50
1951  8  50
1951  9  75
1951 10  50
1951 11  50
1951 12  25
1952  1  50
1952  2  25
1952  3  25
1952  4  25
1952  5  25
1952  6  50
1952  7  25
1952  8  50
1952  9  25
1952 10  25
1952 11  25
1952 12  25
1953  1  25
1953  2   0
1953  3   0
1953  4  25
1953  5   0
1953  6  25
1953  7   0
1953  8  25
1953  9  25
1953 10   0
1953 11   0
1953 12   0
1954  1   0
1954  2   0
1954  3   0
1954  4   0
1954  5   0
1954  6   0
1954  7   0
1954  8   0
1954  9   0
1954 10   0
1954 11   0
1954 12   0
1955  1  25
1955  2  25
1955  3   0
1955  4  25
1955  5  25
1955  6  25
1955  7  25
1955  8  25
1955  9  50
1955 10  50
1955 11  75
1955 12  75
1956  1  75
1956  2 100
1956  3 125
1956  4 125
1956  5 125
1956  6 100
1956  7 125
1956  8 150
1956  9 175
1956 10 125
1956 11 150
1956 12 150
1957  1 150
1957  2 125
1957  3 150
1957  4 150
1957  5 150
1957  6 150
1957  7 175
1957  8 150
1957  9 175
1957 10 225
1957 11 200
1957 12 225
1958  1 225
1958  2 175
1958  3 150
1958  4 200
1958  5 175
1958  6 150
1958  7 175
1958  8 175
1958  9 200
1958 10 175
1958 11 150
1958 12 175
1959  1 225
1959  2 150
1959  3 175
1959  4 150
1959  5 150
1959  6 150
1959  7 150
1959  8 175
1959  9 150
1959 10 125
1959 11 100
1959 12 125
1960  1 150
1960  2 100
1960  3 100
1960  4 100
1960  5 100
1960  6 100
1960  7 100
1960  8 100
1960  9 125
1960 10  75
1960 11  75
1960 12 100
1961  1  50
1961  2  50
1961  3  50
1961  4  75
1961  5  50
1961  6  75
1961  7  50
1961  8  50
1961  9  50
1961 10  50
1961 11  25
1961 12  25
1962  1  25
1962  2  25
1962  3  25
1962  4  50
1962  5  25
1962  6  50
1962  7  25
1962  8  25
1962  9  50
1962 10  25
1962 11  25
1962 12  25
1963  1  25
1963  2  25
1963  3  25
1963  4  25
1963  5  25
1963  6  25
1963  7  25
1963  8  25
1963  9  25
1963 10  25
1963 11  25
1963 12   0
1964  1  25
1964  2  25
1964  3  25
1964  4   0
1964  5   0
1964  6   0
1964  7   0
1964  8   0
1964  9   0
1964 10   0
1964 11   0
1964 12  25
1965  1  25
1965  2  25
1965  3  25
1965  4   0
1965  5  25
1965  6  25
1965  7   0
1965  8   0
1965  9  25
1965 10  25
1965 11  25
1965 12  25
1966  1  25
1966  2  25
1966  3  25
1966  4  25
1966  5  25
1966  6  50
1966  7  50
1966  8  50
1966  9  50
1966 10  50
1966 11  50
1966 12  75
1967  1 100
1967  2 100
1967  3 100
1967  4  75
1967  5 100
1967  6  75
1967  7 100
1967  8 100
1967  9  75
1967 10 100
1967 11 100
1967 12 125
1968  1 100
1968  2 100
1968  3 100
1968  4  75
1968  5 125
1968  6 100
1968  7 100
1968  8 100
1968  9 125
1968 10  75
1968 11  75
1968 12  75
1969  1 100
1969  2 100
1969  3 125
1969  4 100
1969  5 100
1969  6 100
1969  7 100
1969  8  75
1969  9 100
1969 10  75
1969 11  75
1969 12 125
1970  1 100
1970  2 125
1970  3 100
1970  4 100
1970  5 125
1970  6 100
1970  7 125
1970  8 100
1970  9 125
1970 10 100
1970 11 100
1970 12 100
1971  1 100
1971  2  75
1971  3  75
1971  4 100
1971  5  50
1971  6  50
1971  7 100
1971  8  75
1971  9  50
1971 10  50
1971 11  75
1971 12 100
1972  1  75
1972  2  75
1972  3  75
1972  4  75
1972  5  50
1972  6  75
1972  7 100
1972  8  75
1972  9  75
1972 10  75
1972 11  50
1972 12  50
1973  1  50
1973  2  50
1973  3  50
1973  4  50
1973  5  50
1973  6  50
1973  7  25
1973  8  25
1973  9  75
1973 10  25
1973 11  25
1973 12  25
1974  1  25
1974  2  25
1974  3  25
1974  4  25
1974  5  50
1974  6  25
1974  7  50
1974  8  50
1974  9  50
1974 10  50
1974 11  25
1974 12  25
1975  1  25
1975  2   0
1975  3   0
1975  4   0
1975  5   0
1975  6   0
1975  7  25
1975  8  25
1975  9  25
1975 10   0
1975 11  25
1975 12   0
1976  1   0
1976  2   0
1976  3  25
1976  4  25
1976  5  25
1976  6  25
1976  7   0
1976  8  25
1976  9  25
1976 10  25
1976 11   0
1976 12  25
1977  1  25
1977  2  25
1977  3  25
1977  4  25
1977  5  25
1977  6  25
1977  7  25
1977  8  25
1977  9  50
1977 10  50
1977 11  50
1977 12  50
1978  1  50
1978  2 100
1978  3 100
1978  4 125
1978  5 100
1978  6 100
1978  7  75
1978  8  75
1978  9 125
1978 10 150
1978 11 100
1978 12 125
1979  1 175
1979  2 150
1979  3 175
1979  4 100
1979  5 150
1979  6 150
1979  7 150
1979  8 125
1979  9 175
1979 10 175
1979 11 175
1979 12 175
1980  1 150
1980  2 125
1980  3 125
1980  4 125
1980  5 150
1980  6 150
1980  7 150
1980  8 150
1980  9 150
1980 10 150
1980 11 125
1980 12 175
1981  1 125
1981  2 125
1981  3 150
1981  4 150
1981  5 125
1981  6 100
1981  7 150
1981  8 150
1981  9 175
1981 10 150
1981 11 150
1981 12 150
1982  1 125
1982  2 150
1982  3 150
1982  4 150
1982  5 100
1982  6 100
1982  7  75
1982  8 100
1982  9 125
1982 10 100
1982 11 100
1982 12 100
1983  1 100
1983  2  75
1983  3  75
1983  4  75
1983  5 100
1983  6  75
1983  7 100
1983  8  75
1983  9  50
1983 10  50
1983 11  25
1983 12  50
1984  1  50
1984  2  75
1984  3 100
1984  4  50
1984  5  50
1984  6  50
1984  7  50
1984  8  25
1984  9  25
1984 10   0
1984 11  25
1984 12  25
1985  1  25
1985  2  25
1985  3  25
1985  4  25
1985  5  25
1985  6  25
1985  7  25
1985  8  25
1985  9   0
1985 10  25
1985 11  25
1985 12   0
1986  1   0
1986  2  25
1986  3   0
1986  4  25
1986  5  25
1986  6   0
1986  7  25
1986  8   0
1986  9   0
1986 10  25
1986 11  25
1986 12   0
1987  1   0
1987  2   0
1987  3  25
1987  4  50
1987  5  25
1987  6  25
1987  7  25
1987  8  25
1987  9  25
1987 10  50
1987 11  50
1987 12  25
1988  1  50
1988  2  50
1988  3  50
1988  4  75
1988  5  50
1988  6 100
1988  7  75
1988  8 100
1988  9 125
1988 10 100
1988 11 125
1988 12 150
1989  1 125
1989  2 125
1989  3 125
1989  4 125
1989  5 150
1989  6 175
1989  7 150
1989  8 175
1989  9 125
1989 10 175
1989 11 150
1989 12 150
1990  1 175
1990  2 125
1990  3 125
1990  4 150
1990  5 125
1990  6 125
1990  7 150
1990  8 200
1990  9 150
1990 10 175
1990 11 125
1990 12 150
1991  1 125
1991  2 175
1991  3 125
1991  4 150
1991  5 125
1991  6 175
1991  7 175
1991  8 175
1991  9 125
1991 10 125
1991 11 125
1991 12 125
1992  1 150
1992  2 175
1992  3 125
1992  4 100
1992  5  75
1992  6  75
1992  7  75
1992  8  50
1992  9  75
1992 10 100
1992 11 100
1992 12  75
1993  1  75
1993  2  75
1993  3  75
1993  4  50
1993  5  50
1993  6  50
1993  7  75
1993  8  50
1993  9  25
1993 10  50
1993 11  25
1993 12  50
1994  1  50
1994  2  50
1994  3  50
1994  4  25
1994  5  25
1994  6  25
1994  7  50
1994  8  25
1994  9  25
1994 10  50
1994 11  25
1994 12  25
1995  1  25
1995  2  50
1995  3  25
1995  4   0
1995  5  25
1995  6  25
1995  7  25
1995  8  25
1995  9  25
1995 10  25
1995 11   0
1995 12   0
1996  1   0
1996  2   0
1996  3   0
1996  4   0
1996  5   0
1996  6   0
1996  7   0
1996  8  25
1996  9   0
1996 10   0
1996 11  25
1996 12  25
1997  1   0
1997  2   0
1997  3   0
1997  4  25
1997  5  25
1997  6  25
1997  7   0
1997  8  25
1997  9  50
1997 10  25
1997 11  50
1997 12  50
1998  1  25
1998  2  50
1998  3  50
1998  4  50
1998  5  50
1998  6  75
1998  7  75
1998  8 100
1998  9 100
1998 10  50
1998 11  75
1998 12  75
1999  1  50
1999  2  75
1999  3  75
1999  4  75
1999  5 100
1999  6 150
1999  7 125
1999  8 100
1999  9  75
1999 10 125
1999 11 125
1999 12  75
2000  1 100
2000  2 125
2000  3 150
2000  4 125
2000  5 125
2000  6 125
2000  7 175
2000  8 125
2000  9 100
2000 10 100
2000 11 100
2000 12 100
2001  1 100
2001  2  75
2001  3 125
2001  4 100
2001  5 100
2001  6 125
2001  7  75
2001  8 100
2001  9 150
2001 10 125
2001 11 100
2001 12 125
2002  1 125
2002  2 100
2002  3 100
2002  4 125
2002  5 125
2002  6 100
2002  7 100
2002  8 125
2002  9 100
2002 10 100
2002 11 100
2002 12  75
2003  1  75
2003  2  50
2003  3  50
2003  4  50
2003  5  50
2003  6  75
2003  7  75
2003  8  75
2003  9  50
2003 10  75
2003 11  75
2003 12  50
2004  1  25
2004  2  50
2004  3  50
2004  4  50
2004  5  50
2004  6  50
2004  7  50
2004  8  50
2004  9  25
2004 10  50
2004 11  50
2004 12  25
2005  1  25
2005  2  25
2005  3  25
2005  4  25
2005  5  50
2005  6  50
2005  7  50
2005  8  25
2005  9  25
2005 10   0
2005 11  25
2005 12  50
2006  1  25
2006  2   0
2006  3   0
2006  4  25
2006  5  25
2006  6  25
2006  7   0
2006  8  25
2006  9  25
2006 10   0
2006 11  25
2006 12  25
2007  1  25
2007  2   0
2007  3   0
2007  4   0
2007  5   0
2007  6   0
2007  7   0
2007  8   0
2007  9   0
2007 10   0
2007 11   0
2007 12   0
2008  1   0
2008  2   0
2008  3   0
2008  4   0
2008  5   0
2008  6   0
2008  7   0
2008  8   0
2008  9   0
2008 10   0
2008 11   0
2008 12   0
2009  1   0
2009  2   0
2009  3   0
2009  4   0
2009  5   0
2009  6   0
2009  7   0
2009  8   0
2009  9   0
2009 10   0
2009 11   0
2009 12   0
2010  1  25
2010  2  25
2010  3  25
2010  4   0
2010  5   0
2010  6  25
2010  7  25
2010  8  25
2010  9  25
2010 10  25
2010 11  25
2010 12  25
2011  1  25
2011  2  25
2011  3  50
2011  4  50
2011  5  50
2011  6  25
2011  7  50
2011  8  50
2011  9  75
2011 10 100
2011 11 100
2011 12  75
2012  1  50
2012  2  25
2012  3  75
2012  4  50
2012  5  75
2012  6  75
2012  7  75
2012  8  75
2012  9  50
2012 10  50
2012 11  50
2012 12  50
