1900  1  10
1900  2  15
1900  3  10
1900  4  15
1900  5  15
1900  6  10
1900  7  10
1900  8   5
1900  9  10
1900 10  15
1900 11   5
1900 12   0
1901  1   0
1901  2   0
1901  3   5
1901  4   0
1901  5  10
1901  6   5
1901  7   0
1901  8   0
1901  9   0
1901 10   5
1901 11   5
1901 12   0
1902  1   5
1902  2   0
1902  3  10
1902  4   0
1902  5   5
1902  6   0
1902  7   0
1902  8   0
1902  9  10
1902 10  15
1902 11  10
1902 12   0
1903  1  10
1903  2  15
1903  3  15
1903  4  25
1903  5  15
1903  6  15
1903  7  30
1903  8  30
1903  9  10
1903 10  40
1903 11  45
1903 12  45
1904  1  30
1904  2  25
1904  3  35
1904  4  45
1904  5  40
1904  6  40
1904  7  50
1904  8  60
1904  9  30
1904 10  55
1904 11  40
1904 12  55
1905  1  55
1905  2  85
1905  3  55
1905  4  40
1905  5  50
1905  6  50
1905  7  75
1905  8  60
1905  9  55
1905 10  80
1905 11 105
1905 12  55
1906  1  45
1906  2  30
1906  3  65
1906  4  55
1906  5  60
1906  6  65
1906  7 105
1906  8  50
1906  9  55
1906 10  20
1906 11  40
1906 12  65
1907  1  75
1907  2 110
1907  3  60
1907  4  55
1907  5  45
1907  6  40
1907  7  50
1907  8  55
1907  9  85
1907 10  65
1907 11  60
1907 12  45
1908  1  40
1908  2  35
1908  3  30
1908  4  60
1908  5  40
1908  6  50
1908  7  40
1908  8  90
1908  9  85
1908 10  30
1908 11  45
1908 12  40
1909  1  55
1909  2  45
1909  3  65
1909  4  30
1909  5  35
1909  6  25
1909  7  35
1909  8  25
1909  9  40
1909 10  60
1909 11  55
1909 12  55
1910  1  25
1910  2  30
1910  3  20
1910  4  10
1910  5  20
1910  6  10
1910  7  15
1910  8  10
1910  9  25
1910 10  40
1910 11   5
1910 12   5
1911  1   5
1911  2  10
1911  3  10
1911  4  15
1911  5  10
1911  6   0
1911  7   5
1911  8   5
1911  9   5
1911 10   5
1911 11   5
1911 12   0
1912  1   0
1912  2   0
1912  3   5
1912  4   5
1912  5   5
1912  6   5
1912  7   5
1912  8   0
1912  9  10
1912 10   5
1912 11   0
1912 12   5
1913  1   0
1913  2   5
1913  3   0
1913  4   0
1913  5   0
1913  6   0
1913  7   0
1913  8   0
1913  9   0
1913 10   5
1913 11   0
1913 12   5
1914  1   5
1914  2   5
1914  3   5
1914  4  15
1914  5   5
1914  6  10
1914  7   5
1914  8  10
1914  9  15
1914 10  10
1914 11  15
1914 12  20
1915  1  25
1915  2  40
1915  3  40
1915  4  40
1915  5  35
1915  6  70
1915  7  70
1915  8  70
1915  9  50
1915 10  55
1915 11  45
1915 12  35
1916  1  45
1916  2  55
1916  3  65
1916  4  70
1916  5  75
1916  6  70
1916  7  55
1916  8  35
1916  9  45
1916 10  50
1916 11  65
1916 12  55
1917  1  75
1917  2  70
1917  3  95
1917  4  75
1917  5 115
1917  6 115
1917  7 120
1917  8 155
1917  9 130
1917 10  70
1917 11  95
1917 12 130
1918  1  95
1918  2  65
1918  3  70
1918  4  80
1918  5  75
1918  6  60
1918  7 110
1918  8 100
1918  9  80
1918 10  85
1918 11  85
1918 12  60
1919  1  50
1919  2  80
1919  3  65
1919  4  50
1919  5  90
1919  6 110
1919  7  65
1919  8  70
1919  9  55
1919 10  55
1919 11  40
1919 12  35
1920  1  50
1920  2  55
1920  3  70
1920  4  15
1920  5  35
1920  6  40
1920  7  30
1920  8  20
1920  9  35
1920 10  50
1920 11  25
1920 12  30
1921  1  30
1921  2  30
1921  3  25
1921  4  30
1921  5  20
1921  6  35
1921  7  40
1921  8  25
1921  9  20
1921 10  20
1921 11  20
1921 12  20
1922  1  10
1922  2  25
1922  3  55
1922  4  10
1922  5  10
1922  6   5
1922  7  10
1922  8   5
1922  9   5
1922 10   5
1922 11   5
1922 12  20
1923  1   5
1923  2   0
1923  3   5
1923  4   5
1923  5   5
1923  6  10
1923  7   5
1923  8   0
1923  9  15
1923 10  10
1923 11  10
1923 12   5
1924  1   0
1924  2   5
1924  3   0
1924  4  10
1924  5  20
1924  6  25
1924  7  30
1924  8  20
1924  9  25
1924 10  25
1924 11  25
1924 12  15
1925  1   5
1925  2  25
1925  3  20
1925  4  30
1925  5  45
1925  6  50
1925  7  40
1925  8  40
1925  9  60
1925 10  70
1925 11  60
1925 12 100
1926  1  70
1926  2  70
1926  3  65
1926  4  40
1926  5  65
1926  6  75
1926  7  50
1926  8  60
1926  9  60
1926 10  70
1926 11  60
1926 12  80
1927  1  80
1927  2  95
1927  3  70
1927  4  95
1927  5  80
1927  6  60
1927  7  55
1927  8  55
1927  9  70
1927 10  65
1927 11  65
1927 12  45
1928  1  85
1928  2  75
1928  3  85
1928  4  80
1928  5  75
1928  6  90
1928  7 100
1928  8  85
1928  9  90
1928 10  60
1928 11  50
1928 12  60
1929  1  70
1929  2  65
1929  3  50
1929  4  55
1929  5  60
1929  6  70
1929  7  70
1929  8  65
1929  9  35
1929 10  55
1929 11  80
1929 12 110
1930  1  65
1930  2  50
1930  3  35
1930  4  40
1930  5  35
1930  6  30
1930  7  20
1930  8  25
1930  9  30
1930 10  35
1930 11  35
1930 12  25
1931  1  15
1931  2  45
1931  3  30
1931  4  30
1931  5  25
1931  6  15
1931  7  15
1931  8  15
1931  9  20
1931 10  10
1931 11  20
1931 12  20
1932  1  20
1932  2  10
1932  3  15
1932  4  10
1932  5  25
1932  6  25
1932  7  15
1932  8  10
1932  9   5
1932 10  15
1932 11   5
1932 12  10
1933  1  15
1933  2  15
1933  3  10
1933  4   5
1933  5   5
1933  6   5
1933  7   5
1933  8   0
1933  9   5
1933 10   5
1933 11   0
1933 12   0
1934  1   5
1934  2  10
1934  3   5
1934  4  10
1934  5  20
1934  6   5
1934  7  15
1934  8  10
1934  9   5
1934 10  10
1934 11  10
1934 12  20
1935  1  25
1935  2  25
1935  3  30
1935  4  15
1935  5  35
1935  6  50
1935  7  40
1935  8  40
1935  9  55
1935 10  75
1935 11  65
1935 12  70
1936  1  65
1936  2  90
1936  3  85
1936  4  90
1936  5  70
1936  6  80
1936  7  60
1936  8  90
1936  9  90
1936 10 100
1936 11 115
1936 12 135
1937  1 145
1937  2 155
1937  3 105
1937  4 105
1937  5 120
1937  6 120
1937  7 140
1937  8 145
1937  9 115
1937 10 115
1937 11  95
1937 12  90
1938  1  95
1938  2 110
1938  3  85
1938  4 105
1938  5 140
1938  6 110
1938  7 155
1938  8 140
1938  9  95
1938 10 105
1938 11 120
1938 12 105
1939  1 100
1939  2  95
1939  3  75
1939  4 125
1939  5 140
1939  6 120
1939  7  90
1939  8 100
1939  9 100
1939 10  95
1939 11  75
1939 12  60
1940  1  50
1940  2  65
1940  3  85
1940  4  75
1940  5  60
1940  6  85
1940  7  75
1940  8  90
1940  9  65
1940 10  55
1940 11  70
1940 12  80
1941  1  55
1941  2  55
1941  3  55
1941  4  40
1941  5  35
1941  6  55
1941  7  65
1941  8  65
1941  9  55
1941 10  45
1941 11  35
1941 12  40
1942  1  40
1942  2  50
1942  3  50
1942  4  65
1942  5  30
1942  6  15
1942  7  20
1942  8  25
1942  9  20
1942 10  20
1942 11  30
1942 12  30
1943  1  15
1943  2  25
1943  3  20
1943  4  20
1943  5  15
1943  6  10
1943  7  10
1943  8  25
1943  9  10
1943 10  10
1943 11  10
1943 12  15
1944  1   5
1944  2   0
1944  3  10
1944  4   0
1944  5   0
1944  6   5
1944  7   5
1944  8  20
1944  9  10
1944 10  20
1944 11  15
1944 12  30
1945  1  25
1945  2  15
1945  3  20
1945  4  30
1945  5  40
1945  6  40
1945  7  45
1945  8  30
1945  9  40
1945 10  70
1945 11  60
1945 12  30
1946  1  50
1946  2  90
1946  3  85
1946  4  85
1946  5  85
1946  6  85
1946  7 100
1946  8 105
1946  9 100
1946 10 120
1946 11 125
1946 12 110
1947  1 120
1947  2 125
1947  3 130
1947  4 140
1947  5 180
1947  6 155
1947  7 150
1947  8 160
1947  9 155
1947 10 160
1947 11 145
1947 12 120
1948  1 125
1948  2 100
1948  3  95
1948  4 170
1948  5 145
1948  6 140
1948  7 125
1948  8 150
1948  9 125
1948 10 125
1948 11 105
1948 12 125
1949  1 120
1949  2 160
1949  3 160
1949  4 150
1949  5 115
1949  6 115
1949  7 120
1949  8 110
1949  9 130
1949 10 120
1949 11 135
1949 12 120
1950  1  95
1950  2  85
1950  3 110
1950  4  90
1950  5  95
1950  6  75
1950  7  75
1950  8  80
1950  9  55
1950 10  55
1950 11  50
1950 12  50
1951  1  45
1951  2  55
1951  3  50
1951  4  65
1951  5  80
1951  6  65
1951  7  60
1951  8  50
1951  9  75
1951 10  50
1951 11  60
1951 12  35
1952  1  40
1952  2  20
1952  3  20
1952  4  25
1952  5  25
1952  6  40
1952  7  35
1952  8  55
1952  9  30
1952 10  20
1952 11  15
1952 12  30
1953  1  25
1953  2   5
1953  3  10
1953  4  25
1953  5  10
1953  6  20
1953  7   5
1953  8  25
1953  9  25
1953 10   5
1953 11   0
1953 12   0
1954  1   0
1954  2   0
1954  3   5
1954  4   5
1954  5   0
1954  6   0
1954  7   5
1954  8  10
1954  9   0
1954 10  10
1954 11  10
1954 12  10
1955  1  25
1955  2  25
1955  3   5
1955  4  15
1955  5  25
1955  6  25
1955  7  35
1955  8  35
1955  9  55
1955 10  60
1955 11  80
1955 12  75
1956  1  70
1956  2 110
1956  3 120
1956  4 120
1956  5 120
1956  6 105
1956  7 115
1956  8 155
1956  9 165
1956 10 135
1956 11 145
1956 12 155
1957  1 145
1957  2 130
1957  3 145
1957  4 160
1957  5 140
1957  6 160
1957  7 170
1957  8 140
1957  9 165
1957 10 220
1957 11 200
1957 12 220
1958  1 220
1958  2 165
1958  3 155
1958  4 190
1958  5 185
1958  6 155
1958  7 165
1958  8 180
1958  9 190
1958 10 175
1958 11 145
1958 12 175
1959  1 215
1959  2 145
1959  3 175
1959  4 160
1959  5 145
1959  6 160
1959  7 140
1959  8 170
1959  9 140
1959 10 120
1959 11 110
1959 12 115
1960  1 145
1960  2 100
1960  3 100
1960  4 100
1960  5 110
1960  6 105
1960  7 105
1960  8 110
1960  9 130
1960 10  75
1960 11  75
1960 12  90
1961  1  50
1961  2  45
1961  3  60
1961  4  65
1961  5  45
1961  6  65
1961  7  60
1961  8  50
1961  9  45
1961 10  40
1961 11  35
1961 12  35
1962  1  25
1962  2  35
1962  3  35
1962  4  40
1962  5  35
1962  6  40
1962  7  20
1962  8  15
1962  9  45
1962 10  35
1962 11  25
1962 12  25
1963  1  20
1963  2  25
1963  3  15
1963  4  25
1963  5  35
1963  6  30
1963  7  20
1963  8  30
1963  9  30
1963 10  30
1963 11  20
1963 12  10
1964  1  15
1964  2  15
1964  3  15
1964  4  10
1964  5  10
1964  6  10
1964  7   5
1964  8  10
1964  9   5
1964 10   5
1964 11   5
1964 12  20
1965  1  20
1965  2  20
1965  3  15
1965  4  10
1965  5  20
1965  6  15
1965  7  10
1965  8  10
1965  9  15
1965 10  15
1965 11  15
1965 12  15
1966  1  20
1966  2  25
1966  3  15
1966  4  35
1966  5  35
1966  6  50
1966  7  60
1966  8  55
1966  9  40
1966 10  60
1966 11  60
1966 12  70
1967  1 105
1967  2 100
1967  3 105
1967  4  80
1967  5  90
1967  6  75
1967  7  90
1967  8 100
1967  9  85
1967 10  95
1967 11 100
1967 12 130
1968  1 105
1968  2 100
1968  3  95
1968  4  85
1968  5 130
1968  6 110
1968  7  90
1968  8 100
1968  9 115
1968 10  85
1968 11  75
1968 12  85
1969  1  90
1969  2  95
1969  3 120
1969  4  95
1969  5 110
1969  6  95
1969  7  95
1969  8  80
1969  9  90
1969 10  85
1969 11  85
1969 12 115
1970  1 110
1970  2 125
1970  3 105
1970  4 105
1970  5 130
1970  6 100
1970  7 115
1970  8 100
1970  9 120
1970 10  90
1970 11 105
1970 12  95
1971  1  90
1971  2  85
1971  3  75
1971  4  90
1971  5  60
1971  6  60
1971  7  90
1971  8  65
1971  9  55
1971 10  55
1971 11  70
1971 12  95
1972  1  65
1972  2  85
1972  3  85
1972  4  75
1972  5  60
1972  6  85
1972  7  90
1972  8  80
1972  9  75
1972 10  65
1972 11  45
1972 12  45
1973  1  40
1973  2  55
1973  3  45
1973  4  50
1973  5  40
1973  6  45
1973  7  25
1973  8  30
1973  9  65
1973 10  35
1973 11  25
1973 12  25
1974  1  35
1974  2  30
1974  3  25
1974  4  30
1974  5  40
1974  6  30
1974  7  50
1974  8  45
1974  9  45
1974 10  40
1974 11  25
1974 12  20
1975  1  20
1975  2  10
1975  3  10
1975  4   5
1975  5  10
1975  6  10
1975  7  30
1975  8  30
1975  9  20
1975 10  10
1975 11  20
1975 12  10
1976  1  10
1976  2   5
1976  3  15
1976  4  20
1976  5  15
1976  6  15
1976  7   5
1976  8  20
1976  9  15
1976 10  25
1976 11   5
1976 12  15
1977  1  20
1977  2  25
1977  3  15
1977  4  15
1977  5  20
1977  6  30
1977  7  25
1977  8  35
1977  9  45
1977 10  55
1977 11  40
1977 12  50
1978  1  60
1978  2 100
1978  3  95
1978  4 120
1978  5  90
1978  6 105
1978  7  80
1978  8  70
1978  9 130
1978 10 150
1978 11 110
1978 12 130
1979  1 180
1979  2 145
1979  3 165
1979  4  95
1979  5 155
1979  6 150
1979  7 155
1979  8 135
1979  9 165
1979 10 175
1979 11 175
1979 12 170
1980  1 145
1980  2 125
1980  3 130
1980  4 115
1980  5 155
1980  6 155
1980  7 140
1980  8 145
1980  9 145
1980 10 150
1980 11 125
1980 12 165
1981  1 125
1981  2 125
1981  3 145
1981  4 150
1981  5 135
1981  6  95
1981  7 140
1981  8 150
1981  9 180
1981 10 150
1981 11 140
1981 12 160
1982  1 125
1982  2 160
1982  3 155
1982  4 140
1982  5  95
1982  6 100
1982  7  85
1982  8 105
1982  9 120
1982 10 100
1982 11 105
1982 12 110
1983  1 100
1983  2  65
1983  3  75
1983  4  80
1983  5  95
1983  6  85
1983  7  90
1983  8  75
1983  9  60
1983 10  60
1983 11  35
1983 12  40
1984  1  55
1984  2  70
1984  3  95
1984  4  50
1984  5  55
1984  6  55
1984  7  55
1984  8  30
1984  9  15
1984 10  10
1984 11  20
1984 12  20
1985  1  15
1985  2  20
1985  3  15
1985  4  15
1985  5  25
1985  6  30
1985  7  30
1985  8  15
1985  9   5
1985 10  15
1985 11  15
1985 12  10
1986  1   5
1986  2  15
1986  3  10
1986  4  15
1986  5  15
1986  6   0
1986  7  15
1986  8  10
1986  9   5
1986 10  30
1986 11  15
1986 12   5
1987  1  10
1987  2   5
1987  3  15
1987  4  40
1987  5  30
1987  6  20
1987  7  30
1987  8  35
1987  9  35
1987 10  45
1987 11  40
1987 12  25
1988  1  55
1988  2  45
1988  3  55
1988  4  80
1988  5  60
1988  6  90
1988  7  85
1988  8 100
1988  9 125
1988 10 110
1988 11 115
1988 12 150
1989  1 125
1989  2 135
1989  3 125
1989  4 125
1989  5 145
1989  6 180
1989  7 150
1989  8 185
1989  9 135
1989 10 165
1989 11 145
1989 12 155
1990  1 165
1990  2 135
1990  3 135
1990  4 140
1990  5 130
1990  6 135
1990  7 150
1990  8 195
1990  9 155
1990 10 165
1990 11 130
1990 12 140
1991  1 130
1991  2 180
1991  3 125
1991  4 155
1991  5 130
1991  6 170
1991  7 175
1991  8 180
1991  9 130
1991 10 125
1991 11 125
1991 12 130
1992  1 140
1992  2 165
1992  3 125
1992  4 100
1992  5  75
1992  6  80
1992  7  75
1992  8  60
1992  9  70
1992 10  90
1992 11  95
1992 12  85
1993  1  70
1993  2  80
1993  3  70
1993  4  60
1993  5  55
1993  6  45
1993  7  70
1993  8  50
1993  9  25
1993 10  45
1993 11  30
1993 12  45
1994  1  50
1994  2  45
1994  3  40
1994  4  25
1994  5  25
1994  6  35
1994  7  40
1994  8  30
1994  9  30
1994 10  50
1994 11  30
1994 12  25
1995  1  30
1995  2  40
1995  3  35
1995  4  10
1995  5  15
1995  6  20
1995  7  15
1995  8  20
1995  9  15
1995 10  15
1995 11  10
1995 12  10
1996  1  10
1996  2   5
1996  3  10
1996  4   5
1996  5   5
1996  6  10
1996  7  10
1996  8  15
1996  9   0
1996 10   0
1996 11  20
1996 12  15
1997  1   5
1997  2  10
1997  3  10
1997  4  15
1997  5  20
1997  6  15
1997  7  10
1997  8  25
1997  9  50
1997 10  25
1997 11  40
1997 12  40
1998  1  30
1998  2  40
1998  3  55
1998  4  55
1998  5  55
1998  6  70
1998  7  65
1998  8  90
1998  9  95
1998 10  55
1998 11  75
1998 12  80
1999  1  60
1999  2  65
1999  3  70
1999  4  65
1999  5 105
1999  6 140
1999  7 115
1999  8  95
1999  9  70
1999 10 115
1999 11 135
1999 12  85
2000  1  90
2000  2 115
2000  3 140
2000  4 125
2000  5 120
2000  6 125
2000  7 170
2000  8 130
2000  9 110
2000 10 100
2000 11 105
2000 12 105
2001  1  95
2001  2  80
2001  3 115
2001  4 110
2001  5  95
2001  6 135
2001  7  80
2001  8 105
2001  9 150
2001 10 125
2001 11 105
2001 12 130
2002  1 115
2002  2 105
2002  3 100
2002  4 120
2002  5 120
2002  6  90
2002  7 100
2002  8 115
2002  9 110
2002 10 100
2002 11  95
2002 12  80
2003  1  80
2003  2  45
2003  3  60
2003  4  60
2003  5  55
2003  6  75
2003  7  85
2003  8  75
2003  9  50
2003 10  65
2003 11  65
2003 12  45
2004  1  35
2004  2  45
2004  3  50
2004  4  40
2004  5  40
2004  6  45
2004  7  50
2004  8  40
2004  9  30
2004 10  50
2004 11  45
2004 12  20
2005  1  30
2005  2  30
2005  3  25
2005  4  25
2005  5  45
2005  6  40
2005  7  40
2005  8  35
2005  9  20
2005 10  10
2005 11  20
2005 12  40
2006  1  15
2006  2   5
2006  3  10
2006  4  30
2006  5  20
2006  6  15
2006  7  10
2006  8  15
2006  9  15
2006 10  10
2006 11  20
2006 12  15
2007  1  15
2007  2  10
2007  3   5
2007  4   5
2007  5  10
2007  6  10
2007  7  10
2007  8   5
2007  9   0
2007 10   0
2007 11   0
2007 12  10
2008  1   5
2008  2   0
2008  3  10
2008  4   5
2008  5   5
2008  6   5
2008  7   0
2008  8   0
2008  9   0
2008 10   5
2008 11   5
2008 12   0
2009  1   0
2009  2   0
2009  3   0
2009  4   0
2009  5   5
2009  6   5
2009  7   5
2009  8   0
2009  9   5
2009 10   5
2009 11   5
2009 12  10
2010  1  15
2010  2  20
2010  3  15
2010  4  10
2010  5  10
2010  6  15
2010  7  15
2010  8  20
2010  9  25
2010 10  25
2010 11  20
2010 12  15
2011  1  20
2011  2  30
2011  3  55
2011  4  55
2011  5  40
2011  6  35
2011  7  45
2011  8  50
2011  9  80
2011 10  90
2011 11  95
2011 12  75
2012  1  60
2012  2  35
2012  3  65
2012  4  55
2012  5  70
2012  6  65
2012  7  65
2012  8  65
2012  9  60
2012 10  55
2012 11  60
2012 12  40
