1900 9.5
1901 2.7
1902 5.0
1903 24.4
1904 42.0
1905 63.5
1906 53.9
1907 62.0
1908 48.5
1909 43.9
1910 18.6
1911 5.7
1912 3.6
1913 1.4
1914 9.6
1915 47.4
1916 57.1
1917 103.9
1918 80.6
1919 63.6
1920 37.6
1921 26.1
1922 14.2
1923 5.8
1924 16.7
1925 44.3
1926 63.9
1927 69.0
1928 77.8
1929 64.9
1930 35.7
1931 21.2
1932 13.5
1933 6.0
1934 10.4
1935 42.8
1936 88.9
1937 120.6
1938 113.6
1939 97.3
1940 71.7
1941 49.9
1942 32.8
1943 15.5
1944 10.7
1945 37.3
1946 95.3
1947 144.9
1948 127.5
1949 129.3
1950 76.0
1951 58.3
1952 29.6
1953 13.6
1954 4.4
1955 38.1
1956 126.1
1957 165.9
1958 175.1
1959 149.5
1960 103.8
1961 49.1
1962 31.4
1963 24.5
1964 10.2
1965 14.6
1966 43.8
1967 95.8
1968 98.2
1969 95.9
1970 108.5
1971 73.5
1972 72.0
1973 39.2
1974 34.1
1975 15.0
1976 13.5
1977 30.1
1978 102.7
1979 155.7
1980 141.1
1981 140.9
1982 116.4
1983 71.6
1984 44.0
1985 16.9
1986 12.1
1987 27.6
1988 89.3
1989 147.7
1990 148.5
1991 146.2
1992 96.2
1993 53.9
1994 35.7
1995 19.0
1996 8.6
1997 21.6
1998 64.2
1999 93.2
2000 119.5
2001 110.9
2002 104.1
2003 63.6
2004 40.4
2005 29.8
2006 15.2
2007 7.5
2008 2.9
2009 3.1
2010 16.5
2011 55.6
2012 57.6
